2.600449621677398682e-01 4.222224652767181396e-01
3.955430090427398682e-01 7.846044003963470459e-02
7.492768019437789917e-02 1.049378439784049988e-01
9.712980687618255615e-02 5.960547551512718201e-02
5.802642181515693665e-02 7.085428386926651001e-02
6.654103100299835205e-02 4.506709426641464233e-02
3.965657204389572144e-02 4.329632967710494995e-02
3.410723805427551270e-02 4.789707064628601074e-02
3.675733506679534912e-02 4.148214682936668396e-02
3.122637979686260223e-02 3.487128019332885742e-02
2.712315320968627930e-02 2.865216135978698730e-02
2.387127839028835297e-02 2.507038228213787079e-02
2.175505086779594421e-02 2.636427246034145355e-02
2.301302179694175720e-02 2.663421258330345154e-02
2.261072956025600433e-02 2.388314530253410339e-02
1.951600611209869385e-02 2.250212617218494415e-02
1.799370162189006805e-02 2.207757905125617981e-02
1.736818626523017883e-02 2.124584652483463287e-02
1.616045460104942322e-02 1.962530426681041718e-02
1.483765989542007446e-02 1.617353223264217377e-02
1.285211835056543350e-02 1.281223446130752563e-02
1.107293646782636642e-02 1.123798172920942307e-02
1.035633310675621033e-02 1.017523650079965591e-02
9.293604642152786255e-03 1.038017682731151581e-02
8.893493562936782837e-03 1.064003910869359970e-02
8.723906241357326508e-03 9.516538120806217194e-03
7.917727343738079071e-03 8.052591234445571899e-03
6.818008609116077423e-03 7.389017380774021149e-03
5.949441343545913696e-03 8.119158446788787842e-03
6.103839725255966187e-03 8.190176449716091156e-03
5.978012923151254654e-03 7.168165408074855804e-03
5.241774022579193115e-03 6.644190754741430283e-03
4.923196509480476379e-03 6.546148099005222321e-03
4.512568470090627670e-03 6.448894273489713669e-03
3.995539154857397079e-03 5.764076486229896545e-03
3.484707558527588844e-03 5.093653686344623566e-03
3.228826215490698814e-03 5.067328456789255142e-03
3.338166046887636185e-03 4.963780287653207779e-03
3.016605274751782417e-03 5.067421589046716690e-03
2.749111969023942947e-03 5.186877213418483734e-03
2.734299516305327415e-03 4.849008284509181976e-03
2.663013525307178497e-03 4.490688908845186234e-03
2.600209554657340050e-03 4.194857086986303329e-03
2.331344177946448326e-03 4.225981421768665314e-03
2.203487791121006012e-03 4.198825918138027191e-03
2.148490631952881813e-03 3.908814396709203720e-03
1.991203287616372108e-03 3.765939734876155853e-03
1.862579723820090294e-03 3.806050866842269897e-03
1.703178160823881626e-03 3.972578328102827072e-03
1.675897045060992241e-03 3.827858250588178635e-03
1.583904493600130081e-03 3.564809449017047882e-03
1.506012165918946266e-03 3.458697581663727760e-03
1.468248665332794189e-03 3.460635431110858917e-03
1.402207533828914165e-03 3.368085948750376701e-03
1.314313733018934727e-03 3.066031960770487785e-03
1.185612636618316174e-03 2.899421378970146179e-03
1.163598848506808281e-03 2.915832214057445526e-03
1.127366092987358570e-03 2.994241658598184586e-03
1.087099080905318260e-03 2.897724043577909470e-03
1.004872727207839489e-03 2.820568857714533806e-03
9.790773037821054459e-04 2.854150952771306038e-03
9.402717696502804756e-04 2.894953824579715729e-03
9.169570985250174999e-04 2.731937682256102562e-03
8.754515438340604305e-04 2.587832044810056686e-03
8.612257079221308231e-04 2.596523612737655640e-03
8.235685527324676514e-04 2.633311552926898003e-03
7.982618408277630806e-04 2.520366804674267769e-03
7.655763765797019005e-04 2.430852502584457397e-03
7.513620657846331596e-04 2.435432979837059975e-03
7.171414326876401901e-04 2.410827437415719032e-03
6.958435988053679466e-04 2.299581654369831085e-03
6.841016584075987339e-04 2.275684848427772522e-03
6.711664609611034393e-04 2.325807465240359306e-03
6.469104555435478687e-04 2.286161296069622040e-03
6.234393804334104061e-04 2.225212287157773972e-03
6.128529785200953484e-04 2.239129738882184029e-03
5.931416526436805725e-04 2.229300793260335922e-03
5.783818196505308151e-04 2.128482796251773834e-03
5.633488181047141552e-04 2.087925327941775322e-03
5.486204172484576702e-04 2.119076438248157501e-03
5.317277973517775536e-04 2.088150242343544960e-03
5.162820452824234962e-04 2.046028617769479752e-03
5.065885488875210285e-04 2.060876460745930672e-03
4.930467111989855766e-04 2.035303041338920593e-03
4.819385940209031105e-04 1.963359536603093147e-03
4.723969905171543360e-04 1.960532041266560555e-03
4.606049042195081711e-04 1.971887657418847084e-03
4.495501925703138113e-04 1.929627964273095131e-03
4.391332622617483139e-04 1.929369522258639336e-03
4.302597662899643183e-04 1.945046009495854378e-03
4.212348430883139372e-04 1.894125365652143955e-03
4.117117787245661020e-04 1.865565893240272999e-03
4.036034515593200922e-04 1.872936496511101723e-03
3.944752097595483065e-04 1.833888003602623940e-03
3.853071830235421658e-04 1.808043685741722584e-03
3.783789579756557941e-04 1.810088171623647213e-03
3.706129791680723429e-04 1.766914501786231995e-03
3.623837546911090612e-04 1.739623839966952801e-03
3.560028562787920237e-04 1.751321018673479557e-03
3.494147968012839556e-04 1.728863106109201908e-03
3.421846486162394285e-04 1.714903395622968674e-03
3.358555550221353769e-04 1.721084932796657085e-03
3.298169467598199844e-04 1.691624638624489307e-03
3.235307813156396151e-04 1.682118396274745464e-03
3.178916231263428926e-04 1.689645927399396896e-03
3.124468785244971514e-04 1.664545619860291481e-03
3.064991906285285950e-04 1.661418122239410877e-03
3.010866639669984579e-04 1.660381094552576542e-03
2.961787104140967131e-04 1.635961350984871387e-03
2.910627226810902357e-04 1.637679059058427811e-03
2.860662643797695637e-04 1.629254315048456192e-03
2.813032187987118959e-04 1.612999709323048592e-03
2.766535617411136627e-04 1.621520263142883778e-03
2.721928467508405447e-04 1.608518650755286217e-03
2.678080054465681314e-04 1.598137547262012959e-03
2.635647251736372709e-04 1.597899710759520531e-03
2.596240083221346140e-04 1.578027615323662758e-03
2.556920808274298906e-04 1.577715156599879265e-03
2.517022949177771807e-04 1.573782297782599926e-03
2.479648392181843519e-04 1.559698139317333698e-03
2.444334095343947411e-04 1.560754375532269478e-03
2.409103326499462128e-04 1.545515260659158230e-03
2.374870091443881392e-04 1.539409626275300980e-03
2.341878425795584917e-04 1.537969917990267277e-03
2.309827104909345508e-04 1.525493105873465538e-03
2.279191539855673909e-04 1.527650398202240467e-03
2.248932432848960161e-04 1.516997930593788624e-03
2.219466259703040123e-04 1.512234099209308624e-03
2.191494422731921077e-04 1.510947360657155514e-03
2.164160687243565917e-04 1.501255901530385017e-03
2.137577102985233068e-04 1.503680250607430935e-03
2.111814246745780110e-04 1.493394956924021244e-03
2.086503518512472510e-04 1.491316594183444977e-03
2.061989798676222563e-04 1.486605033278465271e-03
2.038414968410506845e-04 1.480451785027980804e-03
2.015353675233200192e-04 1.481223502196371555e-03
1.992981997318565845e-04 1.472437055781483650e-03
1.971220044652000070e-04 1.474275137297809124e-03
1.949854922713711858e-04 1.466840738430619240e-03
1.929164136527106166e-04 1.467004651203751564e-03
1.909008569782599807e-04 1.461853389628231525e-03
1.889335253508761525e-04 1.457843114621937275e-03
1.870268170023337007e-04 1.454940647818148136e-03
1.851622218964621425e-04 1.448321971110999584e-03
1.833458518376573920e-04 1.448074588552117348e-03
1.815797295421361923e-04 1.440924825146794319e-03
1.798503071768209338e-04 1.443259767256677151e-03
1.781615719664841890e-04 1.436102436855435371e-03
1.765088090905919671e-04 1.439017592929303646e-03
1.748920039972290397e-04 1.430262462235987186e-03
1.733191311359405518e-04 1.433951314538717270e-03
1.717818231554701924e-04 1.424470916390419006e-03
1.702796289464458823e-04 1.430369447916746140e-03
1.688204356469213963e-04 1.417662017047405243e-03
1.673996302997693419e-04 1.426700269803404808e-03
1.660288107814267278e-04 1.408925629220902920e-03
1.647249009693041444e-04 1.426839036867022514e-03
1.635187072679400444e-04 1.398742431774735451e-03
1.624847645871341228e-04 1.433011842891573906e-03
1.617641391931101680e-04 1.382032642140984535e-03
1.616933877812698483e-04 1.453089993447065353e-03
1.629606413189321756e-04 1.355385757051408291e-03
1.672572398092597723e-04 1.514078001491725445e-03
1.779182639438658953e-04 1.322987023741006851e-03
2.035663637798279524e-04 1.702317269518971443e-03
2.570018405094742775e-04 1.355225453153252602e-03
3.688829892780631781e-04 2.182678086683154106e-03
5.216618301346898079e-04 1.534245442599058151e-03
6.852402584627270699e-04 2.364176558330655098e-03
5.884126876480877399e-04 1.385704730637371540e-03
3.184535889886319637e-04 1.488695619627833366e-03
1.583028060849756002e-04 1.869878382422029972e-03
2.927932655438780785e-04 1.395092229358851910e-03
3.984766954090446234e-04 1.760787563398480415e-03
2.462634874973446131e-04 1.513811293989419937e-03
1.608315651537850499e-04 1.361895469017326832e-03
2.723550715018063784e-04 1.824527746066451073e-03
2.832422323990613222e-04 1.389928860589861870e-03
1.708167837932705879e-04 1.370735699310898781e-03
1.750704541336745024e-04 1.725965063087642193e-03
2.471786865498870611e-04 1.320907496847212315e-03
2.057530364254489541e-04 1.408815500326454639e-03
1.445352099835872650e-04 1.560132484883069992e-03
1.851252600317820907e-04 1.296577509492635727e-03
2.136373950634151697e-04 1.497937832027673721e-03
1.619503018446266651e-04 1.428779563866555691e-03
1.427066745236515999e-04 1.310356659814715385e-03
1.803889463189989328e-04 1.554203685373067856e-03
1.802529295673593879e-04 1.339151174761354923e-03
1.429173280484974384e-04 1.334226224571466446e-03
1.413554273312911391e-04 1.505382591858506203e-03
1.659880945226177573e-04 1.293509616516530514e-03
1.605463912710547447e-04 1.399940345436334610e-03
1.351271930616348982e-04 1.411946257576346397e-03
1.358232548227533698e-04 1.299700234085321426e-03
1.520726509625092149e-04 1.466979389078915119e-03
1.474617456551641226e-04 1.334096654318273067e-03
1.305948680965229869e-04 1.329706050455570221e-03
1.297039125347509980e-04 1.441761152818799019e-03
1.402606721967458725e-04 1.297928625717759132e-03
1.396661100443452597e-04 1.396419131197035313e-03
1.281728327739983797e-04 1.370367361232638359e-03
1.241481077158823609e-04 1.313150161877274513e-03
1.303660683333873749e-04 1.431671553291380405e-03
1.330642407992854714e-04 1.319116214290261269e-03
1.270344946533441544e-04 1.365854404866695404e-03
1.208555113407783210e-04 1.381217734888195992e-03
1.218536126543767750e-04 1.307900762185454369e-03
1.257723197340965271e-04 1.405079732649028301e-03
1.253012160304933786e-04 1.318980474025011063e-03
1.206562519655562937e-04 1.351747428998351097e-03
1.171493277070112526e-04 1.368959899991750717e-03
1.177088852273300290e-04 1.312909880653023720e-03
1.198594181914813817e-04 1.392927137203514576e-03
1.199060934595763683e-04 1.316583598963916302e-03
1.173373457277193666e-04 1.357233151793479919e-03
1.144390698755159974e-04 1.346386387012898922e-03
1.133601326728239655e-04 1.318875933066010475e-03
1.140645763371139765e-04 1.372068887576460838e-03
1.148835508502088487e-04 1.308034872636198997e-03
1.145369897130876780e-04 1.364997006021440029e-03
1.129284355556592345e-04 1.321361516602337360e-03
1.110513330786488950e-04 1.337279682047665119e-03
1.098212378565222025e-04 1.342647592537105083e-03
1.095035186153836548e-04 1.314335619099438190e-03
1.097187268896959722e-04 1.356953638605773449e-03
1.098571810871362686e-04 1.306746387854218483e-03
1.095480693038552999e-04 1.354162348434329033e-03
1.087329874280840158e-04 1.310728606767952442e-03
1.076458793249912560e-04 1.341398339718580246e-03
1.065609685610979795e-04 1.321535091847181320e-03
1.056797991623170674e-04 1.325791701674461365e-03
1.050721039064228535e-04 1.332056825049221516e-03
1.047013865900225937e-04 1.314130611717700958e-03
1.044751625158824027e-04 1.340221730060875416e-03
1.043073789332993329e-04 1.305871875956654549e-03
1.041339128278195858e-04 1.343728625215590000e-03
1.039331546053290367e-04 1.300521311350166798e-03
1.037137262756004930e-04 1.346454489976167679e-03
1.034946180880069733e-04 1.295871683396399021e-03
1.033288717735558748e-04 1.349197933450341225e-03
1.032570216921158135e-04 1.289664418436586857e-03
1.033861990435980260e-04 1.356583670713007450e-03
1.038117188727483153e-04 1.280706143006682396e-03
1.047873520292341709e-04 1.373104751110076904e-03
1.066031181835569441e-04 1.266950159333646297e-03
1.100082372431643307e-04 1.409267890267074108e-03
1.159233215730637312e-04 1.248927554115653038e-03
1.267713960260152817e-04 1.489817630499601364e-03
1.452943397453054786e-04 1.239794073626399040e-03
1.791941467672586441e-04 1.674408325925469398e-03
2.336174948140978813e-04 1.289289095439016819e-03
3.261970414314419031e-04 2.036278834566473961e-03
4.400204634293913841e-04 1.434639911167323589e-03
5.708078388124704361e-04 2.300474327057600021e-03
5.876853829249739647e-04 1.391304424032568932e-03
4.658280231524258852e-04 1.740242820233106613e-03
2.299016196047887206e-04 1.371451420709490776e-03
1.053832311299629509e-04 1.284123398363590240e-03
1.832632842706516385e-04 1.826179912313818932e-03
2.958751574624329805e-04 1.289860927499830723e-03
2.607875503599643707e-04 1.497554825618863106e-03
1.342856703558936715e-04 1.428348012268543243e-03
1.130957607529126108e-04 1.269788248464465141e-03
1.945594849530607462e-04 1.651643891818821430e-03
2.148537460016086698e-04 1.254599192179739475e-03
1.426146918674930930e-04 1.311559346504509449e-03
9.850586502579972148e-05 1.469817012548446655e-03
1.390347752021625638e-04 1.238159718923270702e-03
1.765869237715378404e-04 1.492334879003465176e-03
1.444458030164241791e-04 1.292997505515813828e-03
9.987771773012354970e-05 1.275339047424495220e-03
1.074617612175643444e-04 1.489485963247716427e-03
1.405243383487686515e-04 1.248569926247000694e-03
1.399639004375785589e-04 1.397400046698749065e-03
1.080191577784717083e-04 1.320856390520930290e-03
9.325781866209581494e-05 1.253988128155469894e-03
1.096414052881300449e-04 1.445812988094985485e-03
1.247795880772173405e-04 1.248147222213447094e-03
1.149229865404777229e-04 1.354002510197460651e-03
9.525499626761302352e-05 1.331217819824814796e-03
9.144962677964940667e-05 1.252437592484056950e-03
1.034188535413704813e-04 1.409751013852655888e-03
1.104702096199616790e-04 1.250430126674473286e-03
1.030030980473384261e-04 1.340723363682627678e-03
9.111216786550357938e-05 1.324776792898774147e-03
8.845020784065127373e-05 1.269018626771867275e-03
9.505367779638618231e-05 1.389233628287911415e-03
1.002756325760856271e-04 1.259648241102695465e-03
9.773290366865694523e-05 1.347010955214500427e-03
9.040569420903921127e-05 1.296556554734706879e-03
8.579433051636442542e-05 1.279501477256417274e-03
8.695763972355052829e-05 1.350433332845568657e-03
9.091728861676529050e-05 1.256821327842772007e-03
9.314245835412293673e-05 1.354765146970748901e-03
9.144123760052025318e-05 1.266907784156501293e-03
8.752611029194667935e-05 1.312592299655079842e-03
8.414209150942042470e-05 1.300186035223305225e-03
8.310712291859090328e-05 1.275161164812743664e-03
8.421867823926731944e-05 1.331748440861701965e-03
8.604867616668343544e-05 1.260089455172419548e-03
8.722465281607583165e-05 1.340391812846064568e-03
8.700577018316835165e-05 1.263514044694602489e-03
8.563359006075188518e-05 1.324326382018625736e-03
8.368626731680706143e-05 1.275687594898045063e-03
8.191580127459019423e-05 1.300026080571115017e-03
8.073350181803107262e-05 1.293669105507433414e-03
8.024406270124018192e-05 1.280914410017430782e-03
8.032772893784567714e-05 1.310708001255989075e-03
8.074312790995463729e-05 1.269201049581170082e-03
8.130364585667848587e-05 1.322323456406593323e-03
8.184515900211408734e-05 1.260795048438012600e-03
8.235329732997342944e-05 1.328809885308146477e-03
8.282229100586846471e-05 1.254168455488979816e-03
8.337351027876138687e-05 1.336203422397375107e-03
8.409326255787163973e-05 1.248168060556054115e-03
8.521464769728481770e-05 1.350414124317467213e-03
8.694468851899728179e-05 1.239918987266719341e-03
8.977951802080497146e-05 1.376553904265165329e-03
9.428411431144922972e-05 1.227232394739985466e-03
1.018173425109125674e-04 1.431136042810976505e-03
1.139797896030358970e-04 1.217920333147048950e-03
1.345457858406007290e-04 1.549104228615760803e-03
1.673271472100168467e-04 1.236753305420279503e-03
2.213385596405714750e-04 1.791218761354684830e-03
2.990277716889977455e-04 1.332364510744810104e-03
4.071705916430801153e-04 2.138678682968020439e-03
5.083873984403908253e-04 1.439255196601152420e-03
5.628749495372176170e-04 2.126342849805951118e-03
4.798228328581899405e-04 1.304261502809822559e-03
2.878257073462009430e-04 1.482877880334854126e-03
1.144133711932227015e-04 1.431208569556474686e-03
1.010174601105973125e-04 1.256829942576587200e-03
2.103060251101851463e-04 1.754125347360968590e-03
2.683649945538491011e-04 1.250260742381215096e-03
1.965581759577617049e-04 1.400157343596220016e-03
9.695610788185149431e-05 1.395036932080984116e-03
9.677493653725832701e-05 1.231765840202569962e-03
1.659403933444991708e-04 1.578843570314347744e-03
1.860103657236322761e-04 1.219105091877281666e-03
1.304581383010372519e-04 1.312070060521364212e-03
8.112678187899291515e-05 1.381209585815668106e-03
9.735439380165189505e-05 1.226020860485732555e-03
1.386627409374341369e-04 1.491722534410655499e-03
1.388227101415395737e-04 1.242520171217620373e-03
1.005170124699361622e-04 1.301062875427305698e-03
7.721031579421833158e-05 1.377639127895236015e-03
9.259257058147341013e-05 1.226096064783632755e-03
1.160112005891278386e-04 1.432523829862475395e-03
1.128173680626787245e-04 1.243230188265442848e-03
8.903630805434659123e-05 1.298642251640558243e-03
7.483644003514200449e-05 1.352977706119418144e-03
8.296937448903918266e-05 1.231958623975515366e-03
9.733511251397430897e-05 1.400430337525904179e-03
9.790196781978011131e-05 1.241053338162600994e-03
8.503165008733049035e-05 1.308318693190813065e-03
7.397036824841052294e-05 1.322035444900393486e-03
7.498284685425460339e-05 1.249246415682137012e-03
8.342568617081269622e-05 1.383046968840062618e-03
8.800627256277948618e-05 1.248457701876759529e-03
8.397593774134293199e-05 1.335264299996197224e-03
7.587360596517100930e-05 1.284730969928205013e-03
7.113138417480513453e-05 1.267282874323427677e-03
7.245172309922054410e-05 1.336510991677641869e-03
7.692162034800276160e-05 1.242801547050476074e-03
7.992981409188359976e-05 1.347028883174061775e-03
7.909554551588371396e-05 1.250709057785570621e-03
7.537524652434512973e-05 1.310672261752188206e-03
7.133097096811980009e-05 1.277430332265794277e-03
6.912778917467221618e-05 1.270519685931503773e-03
6.929969094926491380e-05 1.310724066570401192e-03
7.101885421434417367e-05 1.250864937901496887e-03
7.296351395780220628e-05 1.329917344264686108e-03
7.411588012473657727e-05 1.247801119461655617e-03
7.408212695736438036e-05 1.326443045400083065e-03
7.299353455891832709e-05 1.252549001947045326e-03
7.133598410291597247e-05 1.308806706219911575e-03
6.960044993320479989e-05 1.263529295101761818e-03
6.815089000156149268e-05 1.290737651288509369e-03
6.714247865602374077e-05 1.278047333471477032e-03
6.659546488663181663e-05 1.276758150197565556e-03
6.643219239776954055e-05 1.290870481170713902e-03
6.654836033703759313e-05 1.264524413272738457e-03
6.686129927402362227e-05 1.300122123211622238e-03
6.734738417435437441e-05 1.253302325494587421e-03
6.803697033319622278e-05 1.310874125920236111e-03
6.902891618665307760e-05 1.243208651430904865e-03
7.053250010358169675e-05 1.329838531091809273e-03
7.289993664016947150e-05 1.231804490089416504e-03
7.678184192627668381e-05 1.365777920000255108e-03
8.326429815497249365e-05 1.217851415276527405e-03
9.442277223570272326e-05 1.443363842554390430e-03
1.136963037424720824e-04 1.215624390169978142e-03
1.474562595831230283e-04 1.624463126063346863e-03
2.049112808890640736e-04 1.277754781767725945e-03
3.000285942107439041e-04 2.013583667576313019e-03
4.394296265672892332e-04 1.476819976232945919e-03
6.104474887251853943e-04 2.466104459017515182e-03
7.294267416000366211e-04 1.540831406600773335e-03
6.799954571761190891e-04 2.046138048171997070e-03
4.181481490377336740e-04 1.284801634028553963e-03
1.372548867948353291e-04 1.285744714550673962e-03
1.006902675726450980e-04 1.765748020261526108e-03
2.684977080207318068e-04 1.306593185290694237e-03
3.403877199161797762e-04 1.637030276469886303e-03
2.020915271714329720e-04 1.291754539124667645e-03
7.879610348027199507e-05 1.239585224539041519e-03
1.387598604196682572e-04 1.668420271016657352e-03
2.313620498171076179e-04 1.226733787916600704e-03
1.837617310229688883e-04 1.348148798570036888e-03
8.509124018019065261e-05 1.372119761072099209e-03
9.333222260465845466e-05 1.220170641317963600e-03
1.629917096579447389e-04 1.523644779808819294e-03
1.579813688294962049e-04 1.239880220964550972e-03
9.090850653592497110e-05 1.261070137843489647e-03
7.556819036835804582e-05 1.453183358535170555e-03
1.198672980535775423e-04 1.221604179590940475e-03
1.334039989160373807e-04 1.392501173540949821e-03
9.375182708026841283e-05 1.290918444283306599e-03
6.836688407929614186e-05 1.236992306075990200e-03
8.980959682958200574e-05 1.449521863833069801e-03
1.102217429433949292e-04 1.235860283486545086e-03
9.338580275652930140e-05 1.320619834586977959e-03
6.868965283501893282e-05 1.340968185104429722e-03
7.270177593454718590e-05 1.228709355928003788e-03
9.078801667783409357e-05 1.403626287356019020e-03
9.030313231050968170e-05 1.256310846656560898e-03
7.290430949069559574e-05 1.293785870075225830e-03
6.486402708105742931e-05 1.363847637549042702e-03
7.388995436485856771e-05 1.245791558176279068e-03
8.214317495003342628e-05 1.371056889183819294e-03
7.687638571951538324e-05 1.266603590920567513e-03
6.606957322219386697e-05 1.277852104976773262e-03
6.346983718685805798e-05 1.338404603302478790e-03
6.948224472580477595e-05 1.242685597389936447e-03
7.423652277793735266e-05 1.346508972346782684e-03
7.141342211980372667e-05 1.260027987882494926e-03
6.480301817646250129e-05 1.284787431359291077e-03
6.147113163024187088e-05 1.310614403337240219e-03
6.358687824103981256e-05 1.248470041900873184e-03
6.737931835232302547e-05 1.336790039204061031e-03
6.835866952314972878e-05 1.253345631994307041e-03
6.570237746927887201e-05 1.307875383645296097e-03
6.197667971719056368e-05 1.282928627915680408e-03
6.013136953697539866e-05 1.268017920665442944e-03
6.089240196160972118e-05 1.313583343289792538e-03
6.285858398769050837e-05 1.251504523679614067e-03
6.401928840205073357e-05 1.318986178375780582e-03
6.348107126541435719e-05 1.259725191630423069e-03
6.168778782011941075e-05 1.299616647884249687e-03
5.984161543892696500e-05 1.280463184230029583e-03
5.883261474082246423e-05 1.273876056075096130e-03
5.889459862373769283e-05 1.298458431847393513e-03
5.962175055174157023e-05 1.256446936167776585e-03
6.041241795173846185e-05 1.305470825172960758e-03
6.080776438466273248e-05 1.252528047189116478e-03
6.065730485715903342e-05 1.302281045354902744e-03
6.006602052366361022e-05 1.257462194189429283e-03
5.924777360633015633e-05 1.292077591642737389e-03
5.842910832143388689e-05 1.265571569092571735e-03
5.775975660071708262e-05 1.280755037441849709e-03
5.730624252464622259e-05 1.275102258659899235e-03
5.705146031687036157e-05 1.272505964152514935e-03
5.696322841686196625e-05 1.283996971324086189e-03
5.699024768546223640e-05 1.265628379769623280e-03
5.710158438887447119e-05 1.290139509364962578e-03
5.727516327169723809e-05 1.258854754269123077e-03
5.752592187491245568e-05 1.296241302043199539e-03
5.788628550362773240e-05 1.252688234671950340e-03
5.842388782184571028e-05 1.306544407270848751e-03
5.925773803028278053e-05 1.245809369720518589e-03
6.058623330318368971e-05 1.324243843555450439e-03
6.275824125623330474e-05 1.235091243870556355e-03
6.634594319621101022e-05 1.357561093755066395e-03
7.242394349304959178e-05 1.221972401253879070e-03
8.275084837805479765e-05 1.429523108527064323e-03
1.006740349112078547e-04 1.219659461639821529e-03
1.312428939854726195e-04 1.593566732481122017e-03
1.835053553804755211e-04 1.272589201107621193e-03
2.666072978172451258e-04 1.937260036356747150e-03
3.906883357558399439e-04 1.439923187717795372e-03
5.353213055059313774e-04 2.339176833629608154e-03
6.472037639468908310e-04 1.501211896538734436e-03
6.112040719017386436e-04 2.009879797697067261e-03
4.002303176093846560e-04 1.272292109206318855e-03
1.449054689146578312e-04 1.293975976295769215e-03
7.535434269811958075e-05 1.653022365644574165e-03
2.041925181401893497e-04 1.282609184272587299e-03
3.038533322978764772e-04 1.675785402767360210e-03
2.256360603496432304e-04 1.244160695932805538e-03
8.917673403630033135e-05 1.245625317096710205e-03
8.304156654048711061e-05 1.573989051394164562e-03
1.751362724462524056e-04 1.228723558597266674e-03
1.970775629160925746e-04 1.447256421670317650e-03
1.182592895929701626e-04 1.265428843908011913e-03
6.299998494796454906e-05 1.215450698509812355e-03
9.980398317566141486e-05 1.506576780229806900e-03
1.476465986343100667e-04 1.219350728206336498e-03
1.239252160303294659e-04 1.335957902483642101e-03
7.120203372323885560e-05 1.322938594967126846e-03
6.762841803720220923e-05 1.215531025081872940e-03
1.034449669532477856e-04 1.448935247026383877e-03
1.127250070567242801e-04 1.230784575454890728e-03
8.142435399349778891e-05 1.294717192649841309e-03
5.923735079704783857e-05 1.367642078548669815e-03
7.284425373654812574e-05 1.228383393026888371e-03
9.191143180942162871e-05 1.399913802742958069e-03
8.458177762804552913e-05 1.251099165529012680e-03
6.355157529469579458e-05 1.269829925149679184e-03
5.876486466149799526e-05 1.368794357404112816e-03
7.152491889428347349e-05 1.238559954799711704e-03
7.893540168879553676e-05 1.373135601170361042e-03
7.021800411166623235e-05 1.276619499549269676e-03
5.812132440041750669e-05 1.276160124689340591e-03
5.737385072279721498e-05 1.352047431282699108e-03
6.545922951772809029e-05 1.241617253981530666e-03
6.975746509851887822e-05 1.347437384538352489e-03
6.498047150671482086e-05 1.263939426280558109e-03
5.728074393118731678e-05 1.280337339267134666e-03
5.475850775837898254e-05 1.320002949796617031e-03
5.826451160828582942e-05 1.246941043063998222e-03
6.246854172786697745e-05 1.339236740022897720e-03
6.264780677156522870e-05 1.254598959349095821e-03
5.885149948881007731e-05 1.304600387811660767e-03
5.477091690408997238e-05 1.291263150051236153e-03
5.351553409127518535e-05 1.267026411369442940e-03
5.517621684703044593e-05 1.323377364315092564e-03
5.751095886807888746e-05 1.253184280358254910e-03
5.828993380418978631e-05 1.319463131949305534e-03
5.701125701307319105e-05 1.262557925656437874e-03
5.470113683259114623e-05 1.293874578550457954e-03
5.288643296808004379e-05 1.288152532652020454e-03
5.240709651843644679e-05 1.271111890673637390e-03
5.310529377311468124e-05 1.309443148784339428e-03
5.419691296992823482e-05 1.258896314539015293e-03
5.489945397130213678e-05 1.311092521063983440e-03
5.485492874868214130e-05 1.257425406947731972e-03
5.414293991634622216e-05 1.299445750191807747e-03
5.312202119966968894e-05 1.265742699615657330e-03
5.215845885686576366e-05 1.284573110751807690e-03
5.149423304828815162e-05 1.278179697692394257e-03
5.120139030623249710e-05 1.272359630092978477e-03
5.123035225551575422e-05 1.289748470298945904e-03
5.146718103787861764e-05 1.265002996660768986e-03
5.178978972253389657e-05 1.298981020227074623e-03
5.211278767092153430e-05 1.261202385649085045e-03
5.238844823907129467e-05 1.303852419368922710e-03
5.261336627881973982e-05 1.257792813703417778e-03
5.279818651615642011e-05 1.306135789491236210e-03
5.299114127410575747e-05 1.254414324648678303e-03
5.323177538230083883e-05 1.309947343543171883e-03
5.359620627132244408e-05 1.251366571523249149e-03
5.415282430476509035e-05 1.318317139521241188e-03
5.504294676939025521e-05 1.246282015927135944e-03
5.642239557346329093e-05 1.333496649749577045e-03
5.862351827090606093e-05 1.237733056768774986e-03
6.206598482094705105e-05 1.362364739179611206e-03
6.764748104615136981e-05 1.227569882757961750e-03
7.650985935470089316e-05 1.421461696736514568e-03
9.110703831538558006e-05 1.224292907863855362e-03
1.141837565228343010e-04 1.543809426948428154e-03
1.517362252343446016e-04 1.253787078894674778e-03
2.073280338663607836e-04 1.778945210389792919e-03
2.890011237468570471e-04 1.350937061943113804e-03
3.825166495516896248e-04 2.069263951852917671e-03
4.703979939222335815e-04 1.418136758729815483e-03
4.804584023077040911e-04 1.968011492863297462e-03
3.859562857542186975e-04 1.274089096114039421e-03
2.061513660009950399e-04 1.399914151988923550e-03
7.377208385150879622e-05 1.402121735736727715e-03
7.900138734839856625e-05 1.232170383445918560e-03
1.740861189318820834e-04 1.677496358752250671e-03
2.274165599374100566e-04 1.234625931829214096e-03
1.729292416712269187e-04 1.403303234837949276e-03
8.296286250697448850e-05 1.314884051680564880e-03
5.760411659139208496e-05 1.218155259266495705e-03
1.062361334334127605e-04 1.523814862594008446e-03
1.505986147094517946e-04 1.211908645927906036e-03
1.310494844801723957e-04 1.369409612379968166e-03
7.776139682391658425e-05 1.278678188100457191e-03
5.412315658759325743e-05 1.222982537001371384e-03
7.777995779179036617e-05 1.437323982827365398e-03
1.070851649274118245e-04 1.213014009408652782e-03
1.016126989270560443e-04 1.357861096039414406e-03
7.117950008250772953e-05 1.269938889890909195e-03
5.254646384855732322e-05 1.241902471520006657e-03
6.235633190954104066e-05 1.401058281771838665e-03
8.106861059786751866e-05 1.230066292919218540e-03
8.254046406364068389e-05 1.362899434752762318e-03
6.642005610046908259e-05 1.267729443497955799e-03
5.239936217549256980e-05 1.257598632946610451e-03
5.420313027570955455e-05 1.360555179417133331e-03
6.526812649099156260e-05 1.236225012689828873e-03
7.056548929540440440e-05 1.367391669191420078e-03
6.455266702687367797e-05 1.265280297957360744e-03
5.429682641988620162e-05 1.291750464588403702e-03
4.987297143088653684e-05 1.325265271589159966e-03
5.351785875973291695e-05 1.247846405021846294e-03
5.960679118288680911e-05 1.353344065137207508e-03
6.170901178847998381e-05 1.247873296961188316e-03
5.825674088555388153e-05 1.319070346653461456e-03
5.267198139335960150e-05 1.277192612178623676e-03
4.909099516225978732e-05 1.272369059734046459e-03
4.931775765726342797e-05 1.317129936069250107e-03
5.209802475292235613e-05 1.252616755664348602e-03
5.479962783283554018e-05 1.335626118816435337e-03
5.552240691031329334e-05 1.256660907529294491e-03
5.396626147557981312e-05 1.319877454079687595e-03
5.128439806867390871e-05 1.272555789910256863e-03
4.888174589723348618e-05 1.287506660446524620e-03
4.775700290338136256e-05 1.293754088692367077e-03
4.802851617569103837e-05 1.265171566046774387e-03
4.914763121632859111e-05 1.313047134317457676e-03
5.038794188294559717e-05 1.258579315617680550e-03
5.117928958497941494e-05 1.320475479587912560e-03
5.130674981046468019e-05 1.259072101674973965e-03
5.079244874650612473e-05 1.312075415626168251e-03
4.990574598195962608e-05 1.262007630430161953e-03
4.889877891400828958e-05 1.297802315093576908e-03
4.798287773155607283e-05 1.268637250177562237e-03
4.726814586319960654e-05 1.286367187276482582e-03
4.679258927353657782e-05 1.277625560760498047e-03
4.653098221751861274e-05 1.277762348763644695e-03
4.643437205231748521e-05 1.285293139517307281e-03
4.646449815481901169e-05 1.271356130018830299e-03
4.659392652683891356e-05 1.293109962716698647e-03
4.680331767303869128e-05 1.266914419829845428e-03
4.710108623839914799e-05 1.301447278819978237e-03
4.752531822305172682e-05 1.261090044863522053e-03
4.813357736566103995e-05 1.310269231908023357e-03
4.905288733425550163e-05 1.252047833986580372e-03
5.046742080594412982e-05 1.326082972809672356e-03
5.274868090054951608e-05 1.241796533577144146e-03
5.642259566229768097e-05 1.359150046482682228e-03
6.260239024413749576e-05 1.231453148648142815e-03
7.281222497113049030e-05 1.427855109795928001e-03
9.040659642778337002e-05 1.230314024724066257e-03
1.193692078231833875e-04 1.577935647219419479e-03
1.688999909674748778e-04 1.279065152630209923e-03
2.445269201416522264e-04 1.887664431706070900e-03
3.601210482884198427e-04 1.430585281923413277e-03
4.894608282484114170e-04 2.261539921164512634e-03
6.043122266419231892e-04 1.499232486821711063e-03
5.831105518154799938e-04 2.017147839069366455e-03
4.131573077756911516e-04 1.272583147510886192e-03
1.658731198403984308e-04 1.320656971074640751e-03
5.791245712316595018e-05 1.555092982016503811e-03
1.474413147661834955e-04 1.270651002414524555e-03
2.657184086274355650e-04 1.711194403469562531e-03
2.444046549499034882e-04 1.237717573530972004e-03
1.141884204116649926e-04 1.285580103285610676e-03
5.524410153157077730e-05 1.483718166127800941e-03
1.194011201732791960e-04 1.233589369803667068e-03
1.806506334105506539e-04 1.513280090875923634e-03
1.441353524569422007e-04 1.229223096743226051e-03
6.788247992517426610e-05 1.238072640262544155e-03
6.113517156336456537e-05 1.448350958526134491e-03
1.119766020565293729e-04 1.218082383275032043e-03
1.272535591851919889e-04 1.392808277159929276e-03
8.588907076045870781e-05 1.261267112568020821e-03
5.171018347027711570e-05 1.231589936651289463e-03
6.767468585167080164e-05 1.435811282135546207e-03
9.637182665755972266e-05 1.233688322827219963e-03
8.913833153201267123e-05 1.355546875856816769e-03
5.960615817457437515e-05 1.312859589233994484e-03
5.058115129941143095e-05 1.240393961779773235e-03
6.821515853516757488e-05 1.408552285283803940e-03
7.960564107634127140e-05 1.239650533534586430e-03
6.711309833917766809e-05 1.318817958235740662e-03
5.042083284934051335e-05 1.328359241597354412e-03
5.082276402390561998e-05 1.255129580385982990e-03
6.271857273532077670e-05 1.388933393172919750e-03
6.664142711088061333e-05 1.258158008567988873e-03
5.758983024861663580e-05 1.312424079515039921e-03
4.809660822502337396e-05 1.314730616286396980e-03
4.850121695199050009e-05 1.254237024113535881e-03
5.545585736399516463e-05 1.355982734821736813e-03
5.894824789720587432e-05 1.254387432709336281e-03
5.493454227689653635e-05 1.314145280048251152e-03
4.841906411456875503e-05 1.292622066102921963e-03
4.593061021296307445e-05 1.269050058908760548e-03
4.860031185671687126e-05 1.338739530183374882e-03
5.225684799370355904e-05 1.260851975530385971e-03
5.275407966109924018e-05 1.331385457888245583e-03
4.982780592399649322e-05 1.278228708542883396e-03
4.633655044017359614e-05 1.288122031837701797e-03
4.509697100729681551e-05 1.307915314100682735e-03
4.639006874640472233e-05 1.263036974705755711e-03
4.839975372306071222e-05 1.323819044046103954e-03
4.918495324091054499e-05 1.264526857994496822e-03
4.818249726668000221e-05 1.311542466282844543e-03
4.627857924788258970e-05 1.280601252801716328e-03
4.473629451240412891e-05 1.284286263398826122e-03
4.433258436620235443e-05 1.298751682043075562e-03
4.494318272918462753e-05 1.265772734768688679e-03
4.588594310916960239e-05 1.308452803641557693e-03
4.648509275284595788e-05 1.262476784177124500e-03
4.639876351575367153e-05 1.305147772654891014e-03
4.572783291223458946e-05 1.268985448405146599e-03
4.480801726458594203e-05 1.292462344281375408e-03
4.402493868838064373e-05 1.281493226997554302e-03
4.359903323347680271e-05 1.280848984606564045e-03
4.355355849838815629e-05 1.294121146202087402e-03
4.377701407065615058e-05 1.273105852305889130e-03
4.410264955367892981e-05 1.300912350416183472e-03
4.437856114236637950e-05 1.267872401513159275e-03
4.451807399163953960e-05 1.301299897022545338e-03
4.450509004527702928e-05 1.267348066903650761e-03
4.435454684426076710e-05 1.299570198170840740e-03
4.411966074258089066e-05 1.270295586436986923e-03
4.384094063425436616e-05 1.296859583817422390e-03
4.356435238150879741e-05 1.273066969588398933e-03
4.330529554863460362e-05 1.292096567340195179e-03
4.308182542445138097e-05 1.274785725399851799e-03
4.289574644644744694e-05 1.288030529394745827e-03
4.274236562196165323e-05 1.276380615308880806e-03
4.261687354301102459e-05 1.285896636545658112e-03
4.251226346241310239e-05 1.277798786759376526e-03
4.242293289280496538e-05 1.284524914808571339e-03
4.234442531014792621e-05 1.278214273042976856e-03
4.227402678225189447e-05 1.284069498069584370e-03
4.221028575557284057e-05 1.278174226172268391e-03
4.215152512188069522e-05 1.284563681110739708e-03
4.209997496218420565e-05 1.277459552511572838e-03
4.205799268675036728e-05 1.285609207116067410e-03
4.203022035653702915e-05 1.275114016607403755e-03
4.202593117952346802e-05 1.287825172767043114e-03
4.206339872325770557e-05 1.271505025215446949e-03
4.217508467263542116e-05 1.293170149438083172e-03
4.242535214871168137e-05 1.265558414161205292e-03
4.293222445994615555e-05 1.304384670220315456e-03
4.393635026644915342e-05 1.254919101484119892e-03
4.589059972204267979e-05 1.329090911895036697e-03
4.976743002771399915e-05 1.239800709299743176e-03
5.737733226851560175e-05 1.391781261190772057e-03
7.281506987055763602e-05 1.233040471561253071e-03
1.031618739943951368e-04 1.568369916640222073e-03
1.651344791753217578e-04 1.308605191297829151e-03
2.797887427732348442e-04 2.071031834930181503e-03
4.946892149746417999e-04 1.661484478972852230e-03
7.888327818363904953e-04 2.947710687294602394e-03
1.120610279031097889e-03 1.918187364935874939e-03
1.119542866945266724e-03 2.505705226212739944e-03
7.394397398456931114e-04 1.319942995905876160e-03
1.769084919942542911e-04 1.290902844630181789e-03
1.381668553221970797e-04 2.088077832013368607e-03
4.842154448851943016e-04 1.379474881105124950e-03
4.602148546837270260e-04 1.541675534099340439e-03
1.461947686038911343e-04 1.488143578171730042e-03
1.157244914793409407e-04 1.326971105299890041e-03
3.158147446811199188e-04 1.745577086694538593e-03
2.671192050911486149e-04 1.274815178476274014e-03
8.201610035030171275e-05 1.237774733453989029e-03
1.475641911383718252e-04 1.667710253968834877e-03
2.441574470140039921e-04 1.246664556674659252e-03
1.356092543574050069e-04 1.258800853975117207e-03
7.658646791242063046e-05 1.536931144073605537e-03
1.635185617487877607e-04 1.241113524883985519e-03
1.553325710119679570e-04 1.331447972916066647e-03
7.157531945267692208e-05 1.431797747500240803e-03
9.274533658754080534e-05 1.263379352167248726e-03
1.389975077472627163e-04 1.436657854355871677e-03
8.709038229426369071e-05 1.377208041958510876e-03
6.088536974857561290e-05 1.266709296032786369e-03
1.050892096827737987e-04 1.455768593586981297e-03
9.503355249762535095e-05 1.301050768233835697e-03
5.306523962644860148e-05 1.259196898899972439e-03
7.537813507951796055e-05 1.454868121072649956e-03
9.113851410802453756e-05 1.288092113099992275e-03
5.850502202520146966e-05 1.300070318393409252e-03
5.539128324016928673e-05 1.433937810361385345e-03
7.740337605355307460e-05 1.276042312383651733e-03
6.506233330583199859e-05 1.322847325354814529e-03
5.024530764785595238e-05 1.367957331240177155e-03
5.999547283863648772e-05 1.263689133338630199e-03
6.375915108947083354e-05 1.344616641290485859e-03
5.483944914885796607e-05 1.316755544394254684e-03
5.156197585165500641e-05 1.272415160201489925e-03
5.357653935789130628e-05 1.353794010356068611e-03
5.578004856943152845e-05 1.293899607844650745e-03
5.288478132570162416e-05 1.305012381635606289e-03
4.711976362159475684e-05 1.342886593192815781e-03
4.916895704809576273e-05 1.289742300286889076e-03
5.374714237404987216e-05 1.329074846580624580e-03
4.864262518822215497e-05 1.301966491155326366e-03
4.427854582900181413e-05 1.283244346268475056e-03
4.831097612623125315e-05 1.325917779467999935e-03
4.976396303391084075e-05 1.278115902096033096e-03
4.601243563229218125e-05 1.306722639128565788e-03
4.472679574973881245e-05 1.311223022639751434e-03
4.552532845991663635e-05 1.277705305255949497e-03
4.614985664375126362e-05 1.321768853813409805e-03
4.605089634424075484e-05 1.281376811675727367e-03
4.421385892783291638e-05 1.286112004891037941e-03
4.305211768951267004e-05 1.310908235609531403e-03
4.461870776140131056e-05 1.269548083655536175e-03
4.518810601439327002e-05 1.304702018387615681e-03
4.339479346526786685e-05 1.289815059863030910e-03
4.253454972058534622e-05 1.279579708352684975e-03
4.312832970754243433e-05 1.309358864091336727e-03
4.335446647019125521e-05 1.281543052755296230e-03
4.320189327700063586e-05 1.299868919886648655e-03
4.267666372470557690e-05 1.294622081331908703e-03
4.191051993984729052e-05 1.286169281229376793e-03
4.201888077659532428e-05 1.301772892475128174e-03
4.260760397301055491e-05 1.281794859096407890e-03
4.234037987771444023e-05 1.298407791182398796e-03
4.167099177720956504e-05 1.288628904148936272e-03
4.148245716351084411e-05 1.287624472752213478e-03
4.151878238189965487e-05 1.299595111049711704e-03
4.156611612415872514e-05 1.280016382224857807e-03
4.162473851465620100e-05 1.297540147788822651e-03
4.137766882195137441e-05 1.285632373765110970e-03
4.095840267837047577e-05 1.285704667679965496e-03
4.089495996595360339e-05 1.295347698032855988e-03
4.103142055100761354e-05 1.281319768168032169e-03
4.099870784557424486e-05 1.295394264161586761e-03
4.087371780769899487e-05 1.285220496356487274e-03
4.072640513186343014e-05 1.289350562728941441e-03
4.051662835991010070e-05 1.290621003136038780e-03
4.041992360725998878e-05 1.285449019633233547e-03
4.047477341373451054e-05 1.293201115913689137e-03
4.047197580803185701e-05 1.283201039768755436e-03
4.035558231407776475e-05 1.291918102651834488e-03
4.024213194497860968e-05 1.284432946704328060e-03
4.012857243651524186e-05 1.286835642531514168e-03
4.001910201623104513e-05 1.289637526497244835e-03
3.998541797045618296e-05 1.282860874198377132e-03
3.998892498202621937e-05 1.291438587941229343e-03
3.993444624939002097e-05 1.282949582673609257e-03
3.984832073911093175e-05 1.288492581807076931e-03
3.976988955400884151e-05 1.285037607885897160e-03
3.967965676565654576e-05 1.285865786485373974e-03
3.959616879001259804e-05 1.286881742998957634e-03
3.955466308980248868e-05 1.284234691411256790e-03
3.952531187678687274e-05 1.288597355596721172e-03
3.947656296077184379e-05 1.282734912820160389e-03
3.942366674891673028e-05 1.288603292778134346e-03
3.936882785637862980e-05 1.283136312849819660e-03
3.929694139515049756e-05 1.286570681259036064e-03
3.922292307834140956e-05 1.284724101424217224e-03
3.916622517863288522e-05 1.284256228245794773e-03
3.911528256139717996e-05 1.285697682760655880e-03
3.906391430064104497e-05 1.282990677282214165e-03
3.902062235283665359e-05 1.285949372686445713e-03
3.898070281138643622e-05 1.282491604797542095e-03
3.893244866048917174e-05 1.286336919292807579e-03
3.888078936142846942e-05 1.282129436731338501e-03
3.883103272528387606e-05 1.285887439735233784e-03
3.877838389598764479e-05 1.282236305996775627e-03
3.872244997182860970e-05 1.284518977627158165e-03
3.867002669721841812e-05 1.282801385968923569e-03
3.862067023874260485e-05 1.283626188524067402e-03
3.857028787024319172e-05 1.283210702240467072e-03
3.852135705528780818e-05 1.283321413211524487e-03
3.847602783935144544e-05 1.283492427319288254e-03
3.843124432023614645e-05 1.282646786421537399e-03
3.838567135971970856e-05 1.283977529965341091e-03
3.834187373286113143e-05 1.281959936022758484e-03
3.829961133305914700e-05 1.284202677197754383e-03
3.825686144409701228e-05 1.281586010009050369e-03
3.821443169726990163e-05 1.284259022213518620e-03
3.817405013251118362e-05 1.281105447560548782e-03
3.813480361714027822e-05 1.284609665162861347e-03
3.809659392572939396e-05 1.280329073779284954e-03
3.806136373896151781e-05 1.285341568291187286e-03
3.803083382081240416e-05 1.279250718653202057e-03
3.800603008130565286e-05 1.286275801248848438e-03
3.799074693233706057e-05 1.277679577469825745e-03
3.799168553086929023e-05 1.287987804971635342e-03
3.801918501267209649e-05 1.275141607038676739e-03
3.809010377153754234e-05 1.291558262892067432e-03
3.823726365226320922e-05 1.271027023904025555e-03
3.851528890663757920e-05 1.298428396694362164e-03
3.902984462911263108e-05 1.264446880668401718e-03
3.995880979346111417e-05 1.312036765739321709e-03
4.166964936302974820e-05 1.254588947631418705e-03
4.477002948988229036e-05 1.341867726296186447e-03
5.059370960225351155e-05 1.243480015546083450e-03
6.120677426224574447e-05 1.413532299920916557e-03
8.150751818902790546e-05 1.248860382474958897e-03
1.176019213744439185e-04 1.596432528458535671e-03
1.853278226917609572e-04 1.335652545094490051e-03
2.908554452005773783e-04 2.007843228057026863e-03
4.578656808007508516e-04 1.555319759063422680e-03
6.120721809566020966e-04 2.379816956818103790e-03
7.015035953372716904e-04 1.509772147983312607e-03
5.474833305925130844e-04 1.821027952246367931e-03
2.791952574625611305e-04 1.298360410146415234e-03
6.690721784252673388e-05 1.259742537513375282e-03
1.187594534712843597e-04 1.789705129340291023e-03
2.932842180598527193e-04 1.301152282394468784e-03
2.845927083399146795e-04 1.536377705633640289e-03
1.352002436760812998e-04 1.332935760729014874e-03
5.423159745987504721e-05 1.256192335858941078e-03
1.269962376682087779e-04 1.626579673029482365e-03
1.999306550715118647e-04 1.247394364327192307e-03
1.385075302096083760e-04 1.323897391557693481e-03
5.666353172273375094e-05 1.381697133183479309e-03
7.779199950164183974e-05 1.242128317244350910e-03
1.344382035313174129e-04 1.467420835979282856e-03
1.174976350739598274e-04 1.244943705387413502e-03
5.979100387776270509e-05 1.256940187886357307e-03
5.576186595135368407e-05 1.444906578399240971e-03
9.412788494955748320e-05 1.250317553058266640e-03
9.654132736613973975e-05 1.380242290906608105e-03
5.951682396698743105e-05 1.332690007984638214e-03
4.649596667150035501e-05 1.251971581950783730e-03
7.135065970942378044e-05 1.428721589036285877e-03
8.074468496488407254e-05 1.259948010556399822e-03
5.656737266690470278e-05 1.299200230278074741e-03
4.263396112946793437e-05 1.381706562824547291e-03
5.638247603201307356e-05 1.264550723135471344e-03
6.685078551527112722e-05 1.376342144794762135e-03
5.584471364272758365e-05 1.295276451855897903e-03
4.274553793948143721e-05 1.276387367397546768e-03
4.574393460643477738e-05 1.360243419185280800e-03
5.495236473507247865e-05 1.258154632523655891e-03
5.428249278338626027e-05 1.326430356130003929e-03
4.625942165148444474e-05 1.295398455113172531e-03
4.170134707237593830e-05 1.271712128072977066e-03
4.402182821650058031e-05 1.343403826467692852e-03
4.834444916923530400e-05 1.272316323593258858e-03
4.813850682694464922e-05 1.324526965618133545e-03
4.308365168981254101e-05 1.305437530390918255e-03
3.947101140511222184e-05 1.282662735320627689e-03
4.161876131547614932e-05 1.330447848886251450e-03
4.516600529314018786e-05 1.270291279070079327e-03
4.461194112082011998e-05 1.308952923864126205e-03
4.108351640752516687e-05 1.284055178984999657e-03
3.895086047123186290e-05 1.282842713408172131e-03
3.976418884121812880e-05 1.311355736106634140e-03
4.143189653404988348e-05 1.267761923372745514e-03
4.189512401353567839e-05 1.311352592892944813e-03
4.093916868441738188e-05 1.272746711038053036e-03
3.924166594515554607e-05 1.285678124986588955e-03
3.818345066974870861e-05 1.296952599659562111e-03
3.872700835927389562e-05 1.267937826924026012e-03
3.988060780102387071e-05 1.307510188780725002e-03
4.009728945675306022e-05 1.271415967494249344e-03
3.926230783690698445e-05 1.294999732635915279e-03
3.830336208920925856e-05 1.287682913243770599e-03
3.780910265049897134e-05 1.282178563997149467e-03
3.785899025388062000e-05 1.299573457799851894e-03
3.825201929430477321e-05 1.276048016734421253e-03
3.861748700728639960e-05 1.300289295613765717e-03
3.856305556837469339e-05 1.277052564546465874e-03
3.802797436947003007e-05 1.292442553676664829e-03
3.746549555216915905e-05 1.284589525312185287e-03
3.724117414094507694e-05 1.283102552406489849e-03
3.728475712705403566e-05 1.292609260417521000e-03
3.742004264495335519e-05 1.276104827411472797e-03
3.757646845770068467e-05 1.295411842875182629e-03
3.763073618756607175e-05 1.274705515243113041e-03
3.747580558410845697e-05 1.291975961066782475e-03
3.719222513609565794e-05 1.279740477912127972e-03
3.693858161568641663e-05 1.285623293370008469e-03
3.679314249893650413e-05 1.286634011194109917e-03
3.673407991300337017e-05 1.280912780202925205e-03
3.673303581308573484e-05 1.290128217078745365e-03
3.678355642477981746e-05 1.279218005947768688e-03
3.683923932840116322e-05 1.291344873607158661e-03
3.683165050460956991e-05 1.277880975976586342e-03
3.675938569358550012e-05 1.290681655518710613e-03
3.666615521069616079e-05 1.277832314372062683e-03
3.656107219285331666e-05 1.287896768189966679e-03
3.644340176833793521e-05 1.280375407077372074e-03
3.633413871284574270e-05 1.284629455767571926e-03
3.625445242505520582e-05 1.283031422644853592e-03
3.620124698500148952e-05 1.281956094317138195e-03
3.616002868511714041e-05 1.284270896576344967e-03
3.612664295360445976e-05 1.280108350329101086e-03
3.610761632444337010e-05 1.285548205487430096e-03
3.609845589380711317e-05 1.278833020478487015e-03
3.608654151321388781e-05 1.286904094740748405e-03
3.607289181672967970e-05 1.277487142942845821e-03
3.606679456424899399e-05 1.288141589611768723e-03
3.606927566579543054e-05 1.276049064472317696e-03
3.607687176554463804e-05 1.289489679038524628e-03
3.609681152738630772e-05 1.274676062166690826e-03
3.613985245465300977e-05 1.291077467612922192e-03
3.621980067691765726e-05 1.272424124181270599e-03
3.634919994510710239e-05 1.294220215640962124e-03
3.655986802186816931e-05 1.268632709980010986e-03
3.689619916258379817e-05 1.300426898524165154e-03
3.744723653653636575e-05 1.263343612663447857e-03
3.832593574770726264e-05 1.311432337388396263e-03
3.978142194682732224e-05 1.256087562069296837e-03
4.214711589156650007e-05 1.332628424279391766e-03
4.618477032636292279e-05 1.247423933818936348e-03
5.283694190438836813e-05 1.378045068122446537e-03
6.447065243264660239e-05 1.244720886461436749e-03
8.347128459718078375e-05 1.479194150306284428e-03
1.167485461337491870e-04 1.274100970476865768e-03
1.673009392106905580e-04 1.694564009085297585e-03
2.495022199582308531e-04 1.378915039822459221e-03
3.463088651187717915e-04 2.011931966990232468e-03
4.596909566316753626e-04 1.479057827964425087e-03
4.954184987582266331e-04 2.029649680480360985e-03
4.493090673349797726e-04 1.334353815764188766e-03
