1.978113949298858643e-01 2.146694809198379517e-01
2.072820812463760376e-01 4.571880400180816650e-02
4.711840301752090454e-02 7.195440679788589478e-02
6.998089700937271118e-02 5.590043962001800537e-02
5.217780172824859619e-02 4.186769947409629822e-02
3.690845891833305359e-02 3.483959287405014038e-02
2.887814305722713470e-02 3.944660350680351257e-02
3.335776552557945251e-02 3.470480442047119141e-02
2.777178958058357239e-02 3.719701990485191345e-02
3.023511916399002075e-02 3.641752153635025024e-02
2.950147166848182678e-02 3.424170985817909241e-02
2.742067351937294006e-02 3.432963415980339050e-02
2.758508920669555664e-02 3.221398964524269104e-02
2.512340247631072998e-02 3.202294185757637024e-02
2.457951381802558899e-02 3.277583792805671692e-02
2.507291175425052643e-02 3.260396793484687805e-02
2.468613348901271820e-02 3.218207508325576782e-02
2.412407286465167999e-02 3.207255899906158447e-02
2.398186363279819489e-02 3.163942694664001465e-02
2.361634746193885803e-02 3.082421794533729553e-02
2.298154681921005249e-02 3.006773442029953003e-02
2.253601513803005219e-02 2.932557463645935059e-02
2.221781015396118164e-02 2.840209938585758209e-02
2.179371193051338196e-02 2.732613496482372284e-02
2.125009149312973022e-02 2.633406594395637512e-02
2.077640965580940247e-02 2.564771473407745361e-02
2.053873799741268158e-02 2.524926885962486267e-02
2.045710198581218719e-02 2.495555207133293152e-02
2.030319161713123322e-02 2.471364662051200867e-02
2.002594061195850372e-02 2.458157949149608612e-02
1.972788944840431213e-02 2.454497478902339935e-02
1.945516653358936310e-02 2.454813010990619659e-02
1.921234652400016785e-02 2.456260286271572113e-02
1.902270875871181488e-02 2.454715035855770111e-02
1.887856237590312958e-02 2.441523410379886627e-02
1.870261318981647491e-02 2.410662919282913208e-02
1.842272095382213593e-02 2.368230931460857391e-02
1.807598955929279327e-02 2.329072728753089905e-02
1.778256334364414215e-02 2.302854508161544800e-02
1.761043444275856018e-02 2.287863194942474365e-02
1.751668751239776611e-02 2.277833037078380585e-02
1.741722971200942993e-02 2.267899550497531891e-02
1.724585890769958496e-02 2.255688793957233429e-02
1.697230897843837738e-02 2.246743254363536835e-02
1.667237468063831329e-02 2.248144149780273438e-02
1.645878516137599945e-02 2.254582755267620087e-02
1.631452701985836029e-02 2.256455086171627045e-02
1.616101898252964020e-02 2.249526977539062500e-02
1.595756225287914276e-02 2.231969311833381653e-02
1.568002067506313324e-02 2.208139374852180481e-02
1.537417341023683548e-02 2.183715254068374634e-02
1.510484796017408371e-02 2.157127857208251953e-02
1.484936568886041641e-02 2.129355631768703461e-02
1.459133345633745193e-02 2.098919078707695007e-02
1.428742054849863052e-02 2.066217921674251556e-02
1.394584495574235916e-02 2.030219510197639465e-02
1.358383800834417343e-02 1.989783346652984619e-02
1.320353709161281586e-02 1.946099475026130676e-02
1.281411014497280121e-02 1.901214011013507843e-02
1.244245562702417374e-02 1.859118416905403137e-02
1.212971191853284836e-02 1.823112927377223969e-02
1.188633684068918228e-02 1.787389442324638367e-02
1.166563108563423157e-02 1.749267242848873138e-02
1.147349737584590912e-02 1.712474413216114044e-02
1.131731271743774414e-02 1.676983386278152466e-02
1.116714905947446823e-02 1.645460724830627441e-02
1.104575395584106445e-02 1.654546894133090973e-02
1.135463546961545944e-02 1.916137523949146271e-02
1.443931739777326584e-02 1.518091466277837753e-02
1.065430417656898499e-02 1.768781431019306183e-02
1.373472250998020172e-02 1.493391394615173340e-02
1.118108630180358887e-02 1.600736752152442932e-02
1.258832681924104691e-02 1.473209541290998459e-02
1.143359765410423279e-02 1.368493027985095978e-02
1.039255317300558090e-02 1.423124969005584717e-02
1.095047499984502792e-02 1.430148910731077194e-02
1.109909825026988983e-02 1.333998609334230423e-02
1.025639846920967102e-02 1.297100074589252472e-02
9.907510131597518921e-03 1.330676302313804626e-02
1.003028452396392822e-02 1.359364297240972519e-02
9.890493005514144897e-03 1.363348867744207382e-02
9.500442072749137878e-03 1.347284670919179916e-02
9.132675826549530029e-03 1.324412692338228226e-02
8.947406895458698273e-03 1.310449186712503433e-02
8.963556028902530670e-03 1.291341055184602737e-02
8.874190971255302429e-03 1.265250239521265030e-02
8.554592728614807129e-03 1.264172326773405075e-02
8.350436575710773468e-03 1.282338518649339676e-02
8.402119390666484833e-03 1.263325382024049759e-02
8.338552899658679962e-03 1.207531616091728210e-02
8.095759898424148560e-03 1.161753199994564056e-02
7.907631807029247284e-03 1.142039708793163300e-02
7.775468286126852036e-03 1.142087578773498535e-02
7.663952652364969254e-03 1.145140361040830612e-02
7.582910358905792236e-03 1.125358883291482925e-02
7.434407249093055725e-03 1.092514768242835999e-02
7.290976122021675110e-03 1.073832530528306961e-02
7.255104836076498032e-03 1.067558582872152328e-02
7.180124055594205856e-03 1.068046130239963531e-02
7.045465055853128433e-03 1.067668106406927109e-02
6.929040420800447464e-03 1.054844819009304047e-02
6.828256417065858841e-03 1.036371570080518723e-02
6.758288014680147171e-03 1.020330935716629028e-02
6.656694225966930389e-03 1.011104602366685867e-02
6.538050714880228043e-03 1.005523186177015305e-02
6.470767315477132797e-03 9.909469634294509888e-03
6.400562822818756104e-03 9.726792573928833008e-03
6.336171180009841919e-03 9.590867906808853149e-03
6.248098332434892654e-03 9.508678689599037170e-03
6.156808231025934219e-03 9.370461106300354004e-03
6.097541656345129013e-03 9.109622798860073090e-03
6.026467308402061462e-03 8.882109075784683228e-03
5.952882114797830582e-03 8.762271143496036530e-03
5.863168276846408844e-03 8.688583038747310638e-03
5.803977139294147491e-03 8.524052798748016357e-03
5.735224112868309021e-03 8.351222611963748932e-03
5.664756055921316147e-03 8.262299001216888428e-03
5.582099314779043198e-03 8.228034712374210358e-03
5.517045501619577408e-03 8.139003068208694458e-03
5.449533928185701370e-03 8.046492002904415131e-03
5.388060584664344788e-03 7.988697849214076996e-03
5.315608810633420944e-03 7.894492708146572113e-03
5.254356190562248230e-03 7.726868614554405212e-03
5.192529410123825073e-03 7.600743789225816727e-03
5.128767341375350952e-03 7.519703824073076248e-03
5.064388271421194077e-03 7.385624572634696960e-03
5.002289079129695892e-03 7.251335307955741882e-03
4.947298206388950348e-03 7.163857109844684601e-03
4.887951072305440903e-03 7.060297299176454544e-03
4.828656092286109924e-03 6.971071008592844009e-03
4.773903172463178635e-03 6.927862763404846191e-03
4.717823583632707596e-03 6.837580818682909012e-03
4.660292062908411026e-03 6.737806834280490875e-03
4.605798982083797455e-03 6.673905998468399048e-03
4.553888924419879913e-03 6.597651634365320206e-03
4.499746486544609070e-03 6.569897290319204330e-03
4.444018006324768066e-03 6.533424369990825653e-03
4.390725865960121155e-03 6.491308566182851791e-03
4.339884035289287567e-03 6.450688932090997696e-03
4.289661068469285965e-03 6.421408616006374359e-03
4.240670241415500641e-03 6.414882838726043701e-03
4.197867587208747864e-03 6.437657866626977921e-03
4.173806402832269669e-03 6.479344330728054047e-03
4.225489217787981033e-03 6.897518876940011978e-03
4.624818451702594757e-03 8.166999556124210358e-03
6.451785098761320114e-03 1.040278933942317963e-02
8.836749009788036346e-03 8.727826178073883057e-03
7.410597987473011017e-03 6.570512428879737854e-03
4.641512408852577209e-03 9.161951020359992981e-03
6.953660398721694946e-03 7.006396539509296417e-03
4.461292177438735962e-03 8.345874957740306854e-03
5.906925536692142487e-03 7.708504330366849899e-03
4.999141674488782883e-03 7.599870208650827408e-03
4.793476313352584839e-03 8.181743323802947998e-03
5.423758644610643387e-03 7.504771463572978973e-03
4.280058667063713074e-03 8.643076755106449127e-03
5.180655512958765030e-03 8.015188388526439667e-03
4.528694786131381989e-03 7.598377764225006104e-03
4.444963298738002777e-03 7.669918704777956009e-03
4.764402750879526138e-03 7.082727737724781036e-03
4.055972676724195480e-03 7.517787162214517593e-03
4.541121888905763626e-03 6.973803043365478516e-03
4.077017772942781448e-03 6.855026818811893463e-03
4.082269500941038132e-03 6.837475579231977463e-03
4.154447000473737717e-03 6.317922379821538925e-03
3.781689563766121864e-03 6.432504858821630478e-03
4.105923697352409363e-03 6.087766494601964951e-03
3.684397088363766670e-03 6.452475674450397491e-03
3.943461459130048752e-03 6.086215376853942871e-03
3.657411085441708565e-03 5.975265521556138992e-03
3.771046176552772522e-03 5.861612502485513687e-03
3.644026117399334908e-03 6.038407329469919205e-03
3.627158468589186668e-03 6.032939068973064423e-03
3.594681620597839355e-03 5.823858547955751419e-03
3.540431149303913116e-03 5.862066056579351425e-03
3.536499803885817528e-03 6.065652240067720413e-03
3.471678588539361954e-03 6.083180196583271027e-03
3.461947664618492126e-03 5.794654134660959244e-03
3.421337809413671494e-03 5.744831636548042297e-03
3.387840231880545616e-03 5.972017068415880203e-03
3.374697174876928329e-03 5.898956209421157837e-03
3.314933739602565765e-03 5.702589638531208038e-03
3.335417248308658600e-03 5.735670216381549835e-03
3.257167525589466095e-03 6.033428013324737549e-03
3.298844210803508759e-03 5.801090039312839508e-03
3.203353844583034515e-03 5.666334182024002075e-03
3.251767717301845551e-03 5.780959036201238632e-03
3.166415030136704445e-03 5.962822586297988892e-03
3.199987579137086868e-03 5.715054459869861603e-03
3.144340822473168373e-03 5.692703649401664734e-03
3.140803659334778786e-03 5.886085331439971924e-03
3.127601230517029762e-03 5.768049508333206177e-03
3.086834447458386421e-03 5.604025907814502716e-03
3.102233167737722397e-03 5.674886051565408707e-03
3.051608335226774216e-03 5.758913233876228333e-03
3.062417730689048767e-03 5.533148534595966339e-03
3.034332534298300743e-03 5.500838626176118851e-03
3.014905378222465515e-03 5.630344618111848831e-03
3.016049973666667938e-03 5.465842317789793015e-03
2.979733282700181007e-03 5.387329962104558945e-03
2.980967983603477478e-03 5.515209399163722992e-03
2.960972487926483154e-03 5.459979176521301270e-03
2.939588157460093498e-03 5.348308477550745010e-03
2.938742749392986298e-03 5.439370870590209961e-03
2.913451287895441055e-03 5.443080328404903412e-03
2.902342937886714935e-03 5.323003511875867844e-03
2.895864192396402359e-03 5.394183564931154251e-03
2.872616751119494438e-03 5.405070725828409195e-03
2.863809699192643166e-03 5.266753956675529480e-03
2.854965860024094582e-03 5.315088666975498199e-03
2.834445331245660782e-03 5.321346689015626907e-03
2.824753988534212112e-03 5.213618278503417969e-03
2.816205145791172981e-03 5.285183433443307877e-03
2.797963796183466911e-03 5.275493487715721130e-03
2.785641700029373169e-03 5.186575930565595627e-03
2.777632558718323708e-03 5.255999043583869934e-03
2.762532560154795647e-03 5.202351137995719910e-03
2.747588790953159332e-03 5.146419629454612732e-03
2.738362876698374748e-03 5.208353511989116669e-03
2.727184211835265160e-03 5.117316264659166336e-03
2.712070243433117867e-03 5.102412309497594833e-03
2.699155593290925026e-03 5.126616451889276505e-03
2.689225599169731140e-03 5.035339388996362686e-03
2.677578944712877274e-03 5.069373175501823425e-03
2.663462422788143158e-03 5.027105566114187241e-03
2.650431124493479729e-03 4.976466298103332520e-03
2.639538375660777092e-03 5.012218374758958817e-03
2.628477755934000015e-03 4.932007752358913422e-03
2.615789882838726044e-03 4.953399766236543655e-03
2.602387685328722000e-03 4.920476116240024567e-03
2.589821349829435349e-03 4.879672545939683914e-03
2.578326733782887459e-03 4.899912513792514801e-03
2.567046089097857475e-03 4.826103337109088898e-03
2.555236220359802246e-03 4.856447223573923111e-03
2.542725065723061562e-03 4.789837170392274857e-03
2.529929624870419502e-03 4.794571083039045334e-03
2.517203800380229950e-03 4.758580587804317474e-03
2.504762727767229080e-03 4.737576469779014587e-03
2.492596860975027084e-03 4.731802735477685928e-03
2.480647759512066841e-03 4.684799350798130035e-03
2.468873281031847000e-03 4.701225552707910538e-03
2.457338385283946991e-03 4.629307426512241364e-03
2.446347149088978767e-03 4.678984638303518295e-03
2.436528680846095085e-03 4.561407957226037979e-03
2.429968211799860001e-03 4.692992661148309708e-03
2.431191271170973778e-03 4.487352911382913589e-03
2.456837333738803864e-03 4.914508666843175888e-03
2.544460352510213852e-03 4.669667221605777740e-03
2.859156345948576927e-03 6.332318764179944992e-03
3.615892725065350533e-03 7.505313958972692490e-03
5.969394929707050323e-03 8.639772422611713409e-03
5.893797148019075394e-03 6.138267926871776581e-03
4.758161958307027817e-03 4.168768413364887238e-03
2.637231722474098206e-03 7.261824794113636017e-03
5.054055247455835342e-03 5.016273353248834610e-03
3.525823121890425682e-03 5.128858145326375961e-03
3.670588601380586624e-03 5.809905007481575012e-03
3.676468739286065102e-03 5.072626750916242599e-03
2.957256743684411049e-03 5.547754466533660889e-03
3.590032923966646194e-03 4.969810135662555695e-03
2.846358111128211021e-03 6.064394954591989517e-03
3.435277845710515976e-03 5.220258142799139023e-03
2.660647034645080566e-03 5.556460004299879074e-03
3.215323667973279953e-03 5.237116478383541107e-03
2.640689490363001823e-03 6.079419516026973724e-03
3.111121011897921562e-03 5.088336765766143799e-03
2.529266988858580589e-03 5.067510530352592468e-03
2.931027906015515327e-03 4.767027217894792557e-03
2.481404691934585571e-03 5.385157652199268341e-03
2.833149628713726997e-03 4.668856039643287659e-03
2.417620038613677025e-03 4.629608709365129471e-03
2.695782575756311417e-03 4.455980379134416580e-03
2.378701232373714447e-03 4.951010923832654953e-03
2.603683853521943092e-03 4.501852206885814667e-03
2.324411412701010704e-03 4.512336570769548416e-03
2.496659057214856148e-03 4.437861964106559753e-03
2.283326582983136177e-03 4.747361410409212112e-03
2.421702723950147629e-03 4.466556478291749954e-03
2.263018628582358360e-03 4.527203273028135300e-03
2.333470154553651810e-03 4.642867483198642731e-03
2.256913343444466591e-03 4.642324056476354599e-03
2.247795695438981056e-03 4.496685229241847992e-03
2.261883579194545746e-03 4.484744276851415634e-03
2.178369555622339249e-03 4.652120172977447510e-03
2.247584052383899689e-03 4.356544464826583862e-03
2.139803487807512283e-03 4.327042028307914734e-03
2.185273217037320137e-03 4.420546349138021469e-03
2.136486349627375603e-03 4.338874947279691696e-03
2.107864478603005409e-03 4.181450232863426208e-03
2.135190879926085472e-03 4.142396617680788040e-03
2.062907908111810684e-03 4.217048175632953644e-03
2.090296242386102676e-03 4.059667233377695084e-03
2.063805470243096352e-03 3.994057420641183853e-03
2.022810745984315872e-03 4.081030841916799545e-03
2.047743415459990501e-03 3.966919146478176117e-03
2.003002911806106567e-03 3.948180936276912689e-03
1.984791131690144539e-03 4.003008827567100525e-03
1.996335573494434357e-03 3.871669294312596321e-03
1.954988110810518265e-03 3.860158147290349007e-03
1.942069968208670616e-03 3.907022532075643539e-03
1.946575357578694820e-03 3.778875805437564850e-03
1.911442610435187817e-03 3.744789864867925644e-03
1.893106498755514622e-03 3.782985033467411995e-03
1.894728513434529305e-03 3.690043697133660316e-03
1.868304098024964333e-03 3.648222656920552254e-03
1.841487130150198936e-03 3.655763575807213783e-03
1.835723523981869221e-03 3.603594610467553139e-03
1.823091180995106697e-03 3.574467031285166740e-03
1.792424009181559086e-03 3.538121702149510384e-03
1.771212439052760601e-03 3.516159486025571823e-03
1.761832041665911674e-03 3.520670346915721893e-03
1.745700021274387836e-03 3.459219355136156082e-03
1.719845924526453018e-03 3.454339224845170975e-03
1.692863879725337029e-03 3.439298598095774651e-03
1.673954771831631660e-03 3.398993983864784241e-03
1.660314504988491535e-03 3.417377127334475517e-03
1.646828255616128445e-03 3.365104319527745247e-03
1.632065395824611187e-03 3.386419964954257011e-03
1.615487853996455669e-03 3.309463849291205406e-03
1.601242111064493656e-03 3.362368093803524971e-03
1.590503030456602573e-03 3.280706005170941353e-03
1.591945067048072815e-03 3.417121013626456261e-03
1.618580194190144539e-03 3.357307054102420807e-03
1.718990737572312355e-03 3.889014478772878647e-03
1.978779910132288933e-03 4.217346198856830597e-03
2.670378191396594048e-03 5.486227571964263916e-03
3.358857007697224617e-03 5.403481889516115189e-03
3.781291190534830093e-03 3.519043792039155960e-03
1.819370896555483341e-03 3.732359269633889198e-03
2.014185301959514618e-03 4.353245254606008530e-03
2.816401189193129539e-03 3.143158275634050369e-03
1.630703685805201530e-03 4.154116846621036530e-03
2.359912730753421783e-03 3.740666201338171959e-03
2.210216829553246498e-03 3.163085551932454109e-03
1.718797720968723297e-03 4.135647788643836975e-03
2.360082464292645454e-03 3.130357945337891579e-03
1.544809201732277870e-03 3.638654015958309174e-03
2.012520097196102142e-03 3.602729411795735359e-03
1.687032287009060383e-03 3.567782696336507797e-03
1.641251030378043652e-03 3.541019046679139137e-03
1.806564279831945896e-03 3.316253190860152245e-03
1.451870892196893692e-03 3.829496446996927261e-03
1.763661392033100128e-03 3.262804821133613586e-03
1.467318972572684288e-03 3.366568358615040779e-03
1.544939819723367691e-03 3.588245483115315437e-03
1.536205993033945560e-03 3.275420749559998512e-03
1.378319575451314449e-03 3.269273089244961739e-03
1.486248918808996677e-03 3.312226152047514915e-03
1.353900646790862083e-03 3.296711016446352005e-03
1.355729647912085056e-03 3.167230403050780296e-03
1.401185640133917332e-03 3.115231404080986977e-03
1.253357273526489735e-03 3.371748374775052071e-03
1.372928847558796406e-03 3.104627830907702446e-03
1.283823512494564056e-03 3.063532523810863495e-03
1.238093595020473003e-03 3.262381767854094505e-03
1.314285676926374435e-03 3.034130204468965530e-03
1.214677235111594200e-03 3.004931844770908356e-03
1.203361316584050655e-03 3.160629887133836746e-03
1.243543927557766438e-03 3.003603313118219376e-03
1.174855162389576435e-03 2.977535827085375786e-03
1.144352136179804802e-03 3.121076850220561028e-03
1.192243304103612900e-03 2.971335314214229584e-03
1.135454396717250347e-03 2.958531025797128677e-03
1.099469838663935661e-03 3.026576712727546692e-03
1.130535034462809563e-03 2.892243675887584686e-03
1.110606710426509380e-03 2.894678851589560509e-03
1.064210315234959126e-03 2.895485609769821167e-03
1.067168894223868847e-03 2.811912447214126587e-03
1.082815113477408886e-03 2.847421914339065552e-03
1.040348666720092297e-03 2.803467214107513428e-03
1.018413109704852104e-03 2.762379590421915054e-03
1.034617773257195950e-03 2.818902488797903061e-03
1.022578449919819832e-03 2.737850183621048927e-03
9.945048950612545013e-04 2.715310547500848770e-03
9.832617361098527908e-04 2.750751329585909843e-03
9.893581736832857132e-04 2.684575738385319710e-03
9.843093575909733772e-04 2.689673332497477531e-03
9.598860051482915878e-04 2.663604682311415672e-03
9.490377269685268402e-04 2.642030827701091766e-03
9.512090473435819149e-04 2.681002719327807426e-03
9.477437124587595463e-04 2.624033251777291298e-03
9.356912341900169849e-04 2.635425189509987831e-03
9.204076486639678478e-04 2.629261696711182594e-03
9.143481147475540638e-04 2.600010018795728683e-03
9.151563863269984722e-04 2.632379299029707909e-03
9.103971533477306366e-04 2.586149610579013824e-03
9.007597109302878380e-04 2.595565514639019966e-03
8.898392552509903908e-04 2.586166840046644211e-03
8.820500224828720093e-04 2.573207952082157135e-03
8.793455199338495731e-04 2.596313366666436195e-03
8.772513247095048428e-04 2.563708461821079254e-03
8.719569304957985878e-04 2.586231566965579987e-03
8.642993052490055561e-04 2.556769642978906631e-03
8.563142619095742702e-04 2.559587126597762108e-03
8.493621135130524635e-04 2.559005049988627434e-03
8.450031164102256298e-04 2.540226792916655540e-03
8.420441881753504276e-04 2.558237640187144279e-03
8.383315289393067360e-04 2.529006684198975563e-03
8.337593753822147846e-04 2.544461749494075775e-03
8.282735943794250488e-04 2.521527931094169617e-03
8.222015458159148693e-04 2.525683492422103882e-03
8.164233877323567867e-04 2.515850355848670006e-03
8.117271354421973228e-04 2.507964381948113441e-03
8.077864767983555794e-04 2.511647529900074005e-03
8.041179389692842960e-04 2.493181033059954643e-03
8.006211137399077415e-04 2.505051670596003532e-03
7.969941943883895874e-04 2.482397714629769325e-03
7.929950370453298092e-04 2.494276734068989754e-03
7.885968079790472984e-04 2.473710570484399796e-03
7.842054474167525768e-04 2.480878960341215134e-03
7.798678125254809856e-04 2.465205267071723938e-03
7.755899569019675255e-04 2.467263722792267799e-03
7.714189705438911915e-04 2.457418711856007576e-03
7.674867520108819008e-04 2.454583300277590752e-03
7.637629751116037369e-04 2.450196305289864540e-03
7.601444958709180355e-04 2.443528501316905022e-03
7.565913256257772446e-04 2.443458419293165207e-03
7.531424635089933872e-04 2.433050191029906273e-03
7.498194463551044464e-04 2.436249982565641403e-03
7.466078968718647957e-04 2.422579564154148102e-03
7.434940198436379433e-04 2.430068096145987511e-03
7.405001088045537472e-04 2.412050263956189156e-03
7.377510773949325085e-04 2.426298800855875015e-03
7.353338878601789474e-04 2.401959151029586792e-03
7.335502887144684792e-04 2.427249215543270111e-03
7.325622136704623699e-04 2.392960013821721077e-03
7.333785761147737503e-04 2.438814844936132431e-03
7.364113116636872292e-04 2.390625886619091034e-03
7.452929276041686535e-04 2.478018403053283691e-03
7.603542762808501720e-04 2.414861926808953285e-03
7.953393505886197090e-04 2.588917268440127373e-03
8.437655633315443993e-04 2.531735459342598915e-03
9.568617679178714752e-04 2.850369317457079887e-03
1.062432536855340004e-03 2.826086711138486862e-03
1.313372398726642132e-03 3.134317928925156593e-03
1.317977323196828365e-03 2.878176048398017883e-03
1.386092742905020714e-03 2.759451745077967644e-03
1.015919726341962814e-03 2.371783833950757980e-03
7.718230481259524822e-04 2.399846212938427925e-03
7.771606906317174435e-04 2.678968477994203568e-03
9.487466886639595032e-04 2.622849075123667717e-03
1.013854984194040298e-03 2.528544282540678978e-03
8.106749737635254860e-04 2.379356417804956436e-03
6.957025034353137016e-04 2.426201710477471352e-03
7.835978176444768906e-04 2.586893737316131592e-03
8.450211607851088047e-04 2.414694754406809807e-03
7.782355532981455326e-04 2.370561938732862473e-03
6.878866115584969521e-04 2.466703066602349281e-03
7.293474627658724785e-04 2.441052347421646118e-03
8.108847541734576225e-04 2.556196646764874458e-03
7.738261483609676361e-04 2.390507142990827560e-03
7.170973694883286953e-04 2.453321358188986778e-03
7.241769926622509956e-04 2.537966938689351082e-03
7.923676166683435440e-04 2.501631388440728188e-03
7.883755024522542953e-04 2.439753850921988487e-03
7.259310805238783360e-04 2.407300518825650215e-03
6.733396439813077450e-04 2.336885547265410423e-03
6.943534826859831810e-04 2.439630916342139244e-03
7.089673890732228756e-04 2.350132446736097336e-03
6.794390501454472542e-04 2.341150771826505661e-03
6.519935559481382370e-04 2.432213863357901573e-03
6.706375279463827610e-04 2.359688049182295799e-03
7.057584589347243309e-04 2.489042002707719803e-03
6.990412948653101921e-04 2.347079571336507797e-03
6.798140238970518112e-04 2.432852983474731445e-03
6.761923432350158691e-04 2.409335225820541382e-03
7.128442521207034588e-04 2.460966585204005241e-03
7.227917667478322983e-04 2.402452751994132996e-03
7.168738520704209805e-04 2.412938745692372322e-03
6.690712762065231800e-04 2.299800980836153030e-03
6.509692757390439510e-04 2.382796490564942360e-03
6.529751699417829514e-04 2.289720578119158745e-03
6.490336963906884193e-04 2.314962679520249367e-03
6.224602693691849709e-04 2.292817225679755211e-03
6.065815105102956295e-04 2.272012643516063690e-03
6.174053996801376343e-04 2.368423156440258026e-03
6.354556535370647907e-04 2.280238782986998558e-03
6.433843518607318401e-04 2.379764337092638016e-03
6.376209785230457783e-04 2.297263359650969505e-03
6.488509243354201317e-04 2.419186988845467567e-03
6.750048487447202206e-04 2.392507391050457954e-03
7.422271883115172386e-04 2.521803602576255798e-03
7.593096815980970860e-04 2.393330447375774384e-03
7.911031134426593781e-04 2.484980039298534393e-03
7.325939950533211231e-04 2.261699177324771881e-03
7.072770386002957821e-04 2.360285492613911629e-03
6.799907423555850983e-04 2.226085634902119637e-03
6.436551338993012905e-04 2.223243704065680504e-03
5.927399033680558205e-04 2.272454556077718735e-03
5.930364714004099369e-04 2.247020136564970016e-03
6.429480272345244884e-04 2.418193733319640160e-03
6.690614973194897175e-04 2.261255402117967606e-03
6.621726788580417633e-04 2.356442390009760857e-03
6.238251226022839546e-04 2.247803611680865288e-03
6.170223350636661053e-04 2.317091450095176697e-03
6.240372895263135433e-04 2.294184640049934387e-03
6.348949391394853592e-04 2.276448067277669907e-03
6.004195893183350563e-04 2.217396860942244530e-03
5.616495618596673012e-04 2.205258468165993690e-03
5.471028271131217480e-04 2.200419083237648010e-03
5.620321026071906090e-04 2.222920069471001625e-03
5.841540405526757240e-04 2.243758877739310265e-03
5.924006691202521324e-04 2.207098528742790222e-03
6.044789333827793598e-04 2.304777503013610840e-03
6.083368207328021526e-04 2.189475810155272484e-03
6.334169302135705948e-04 2.352853305637836456e-03
6.453213864006102085e-04 2.186735626310110092e-03
6.529793608933687210e-04 2.308560069650411606e-03
6.149739492684602737e-04 2.139271236956119537e-03
5.768237169831991196e-04 2.210195874795317650e-03
5.497170495800673962e-04 2.164050005376338959e-03
5.558022530749440193e-04 2.213191008195281029e-03
5.755944293923676014e-04 2.226300770416855812e-03
6.094579002819955349e-04 2.267783274874091148e-03
6.054496043361723423e-04 2.176532289013266563e-03
5.967754404991865158e-04 2.241414273157715797e-03
5.690702237188816071e-04 2.116792602464556694e-03
5.730998818762600422e-04 2.228928264230489731e-03
5.829260917380452156e-04 2.121575642377138138e-03
5.780043429695069790e-04 2.160394331440329552e-03
5.381403025239706039e-04 2.093805465847253799e-03
5.040051764808595181e-04 2.099180128425359726e-03
4.977690987288951874e-04 2.164701232686638832e-03
5.152200465090572834e-04 2.119862474501132965e-03
5.351343424990773201e-04 2.203966025263071060e-03
5.350144347175955772e-04 2.099527046084403992e-03
5.230310489423573017e-04 2.164585981518030167e-03
5.088327452540397644e-04 2.088888548314571381e-03
5.194042460061609745e-04 2.215627813711762428e-03
5.667405202984809875e-04 2.244541188701987267e-03
7.215304649434983730e-04 2.567062154412269592e-03
8.548437035642564297e-04 2.541050547733902931e-03
1.094256178475916386e-03 2.640988212078809738e-03
9.011948714032769203e-04 2.299580257385969162e-03
9.030551882460713387e-04 2.556623425334692001e-03
1.016869326122105122e-03 2.258092863485217094e-03
8.270296384580433369e-04 2.105432096868753433e-03
5.485818837769329548e-04 2.134465146809816360e-03
6.453678943216800690e-04 2.181259449571371078e-03
6.568659446202218533e-04 2.268676413223147392e-03
5.931090563535690308e-04 2.215541899204254150e-03
6.901413435116410255e-04 2.357762074097990990e-03
6.422343431040644646e-04 2.081769518554210663e-03
5.022349068894982338e-04 2.111525740474462509e-03
5.050454637967050076e-04 2.225804608315229416e-03
5.484643625095486641e-04 2.083773957565426826e-03
5.100941634736955166e-04 2.162107499316334724e-03
5.199236329644918442e-04 2.130500739440321922e-03
5.290476838126778603e-04 2.058349316939711571e-03
4.620520048774778843e-04 2.056708559393882751e-03
4.543636459857225418e-04 2.081693382933735847e-03
5.064516444690525532e-04 2.091112080961465836e-03
4.964716499671339989e-04 1.998828724026679993e-03
4.512833547778427601e-04 2.054765587672591209e-03
4.561624955385923386e-04 2.001674147322773933e-03
4.668543697334825993e-04 1.991966972127556801e-03
4.337124701123684645e-04 2.003753092139959335e-03
4.327262286096811295e-04 1.952434540726244450e-03
4.572179750539362431e-04 2.005243441089987755e-03
4.427465319167822599e-04 1.911491155624389648e-03
4.206033190712332726e-04 1.938068773597478867e-03
4.193133208900690079e-04 1.927864039316773415e-03
4.242759314365684986e-04 1.919888891279697418e-03
4.167533770669251680e-04 1.937900786288082600e-03
4.037910548504441977e-04 1.901267212815582752e-03
4.053398151881992817e-04 1.939309062436223030e-03
4.155853239353746176e-04 1.888720667921006680e-03
4.164573620073497295e-04 1.910881372168660164e-03
4.051190335303544998e-04 1.844687620177865028e-03
3.971019177697598934e-04 1.886158017441630363e-03
3.959807800129055977e-04 1.839037169702351093e-03
3.969072713516652584e-04 1.882138429209589958e-03
3.899046278093010187e-04 1.837588846683502197e-03
3.813643415924161673e-04 1.865396858192980289e-03
3.746304719243198633e-04 1.833076821640133858e-03
3.728554293047636747e-04 1.856191433034837246e-03
3.725717251654714346e-04 1.822133082896471024e-03
3.707220603246241808e-04 1.834797090850770473e-03
3.664371033664792776e-04 1.795604359358549118e-03
3.626295947469770908e-04 1.823531929403543472e-03
3.617811307776719332e-04 1.787975081242620945e-03
3.674582112580537796e-04 1.854159520007669926e-03
3.818992117885500193e-04 1.819266937673091888e-03
4.245025629643350840e-04 2.000819658860564232e-03
4.913124721497297287e-04 2.016958082094788551e-03
6.758316885679960251e-04 2.419499680399894714e-03
8.239810122177004814e-04 2.440971555188298225e-03
1.155665260739624500e-03 2.822449197992682457e-03
1.237956923432648182e-03 2.733112778514623642e-03
1.462973072193562984e-03 2.404903061687946320e-03
1.008372171781957150e-03 1.825582934543490410e-03
5.210057715885341167e-04 1.745551126077771187e-03
4.225255106575787067e-04 2.262411406263709068e-03
7.498216000385582447e-04 2.328043570742011070e-03
9.173166472464799881e-04 2.117022871971130371e-03
5.302933277562260628e-04 1.907595433294773102e-03
3.564365033525973558e-04 2.075080294162034988e-03
5.567278130911290646e-04 2.250571502372622490e-03
6.382540450431406498e-04 1.971805468201637268e-03
4.716218099929392338e-04 1.855090958997607231e-03
3.459406434558331966e-04 1.966254785656929016e-03
4.739007854368537664e-04 1.946888980455696583e-03
5.286590312607586384e-04 1.819804543629288673e-03
3.666250850073993206e-04 1.797780627384781837e-03
3.516372817102819681e-04 1.884841010905802250e-03
4.611385229509323835e-04 1.877709175460040569e-03
4.168550367467105389e-04 1.771467970684170723e-03
3.211628645658493042e-04 1.799014280550181866e-03
3.526518412400037050e-04 1.883236924186348915e-03
4.025646194349974394e-04 1.774926553480327129e-03
3.577081079129129648e-04 1.724858651868999004e-03
3.052735119126737118e-04 1.769539667293429375e-03
3.417610423639416695e-04 1.744022709317505360e-03
3.673562896437942982e-04 1.714813290163874626e-03
3.202640509698539972e-04 1.687643001787364483e-03
2.985617029480636120e-04 1.720891334116458893e-03
3.303670964669436216e-04 1.756140496581792831e-03
3.349259495735168457e-04 1.710392767563462257e-03
3.024827456101775169e-04 1.698579988442361355e-03
2.906792215071618557e-04 1.726965769194066525e-03
3.106138028670102358e-04 1.697220257483422756e-03
3.154125588480383158e-04 1.678325701504945755e-03
2.928756584879010916e-04 1.651645521633327007e-03
2.848482108674943447e-04 1.665778341703116894e-03
2.979016280733048916e-04 1.664755982346832752e-03
3.024434845428913832e-04 1.663400325924158096e-03
2.890645409934222698e-04 1.645890995860099792e-03
2.846382558345794678e-04 1.679761917330324650e-03
2.972134971059858799e-04 1.668868120759725571e-03
3.156688471790403128e-04 1.716390252113342285e-03
3.295545757282525301e-04 1.709259464405477047e-03
3.796030068770051003e-04 1.822904450818896294e-03
4.280135035514831543e-04 1.829576678574085236e-03
5.246609216555953026e-04 1.867338200099766254e-03
4.307907947804778814e-04 1.653227605856955051e-03
3.209286660421639681e-04 1.639538328163325787e-03
3.112302802037447691e-04 1.724870060570538044e-03
3.579585172701627016e-04 1.657471992075443268e-03
3.530106041580438614e-04 1.677823602221906185e-03
3.217644989490509033e-04 1.697779982350766659e-03
3.404870803933590651e-04 1.674493076279759407e-03
3.316188231110572815e-04 1.646365155465900898e-03
2.801923837978392839e-04 1.627698191441595554e-03
2.684483188204467297e-04 1.673304708674550056e-03
3.087072691414505243e-04 1.694678911007940769e-03
3.193047014065086842e-04 1.646138378418982029e-03
2.787345729302614927e-04 1.612530904822051525e-03
2.574940153863281012e-04 1.633321167901158333e-03
2.726950915530323982e-04 1.620040158741176128e-03
2.826911513693630695e-04 1.617128727957606316e-03
2.653367409948259592e-04 1.602065633051097393e-03
2.506072924006730318e-04 1.597359078004956245e-03
2.601747401058673859e-04 1.634886604733765125e-03
2.750340208876878023e-04 1.614016480743885040e-03
2.782361698336899281e-04 1.611228915862739086e-03
2.595736877992749214e-04 1.582589116878807545e-03
2.519995905458927155e-04 1.584933954291045666e-03
2.569095231592655182e-04 1.584494952112436295e-03
2.597038401290774345e-04 1.556621398776769638e-03
2.492754720151424408e-04 1.548590837046504021e-03
2.363091043662279844e-04 1.550324028357863426e-03
2.337910846108570695e-04 1.548883970826864243e-03
2.394444891251623631e-04 1.564430654980242252e-03
2.413672482362017035e-04 1.554618123918771744e-03
2.364098036196082830e-04 1.550606102682650089e-03
2.311117859790101647e-04 1.552363159134984016e-03
2.316209283890202641e-04 1.545883365906774998e-03
2.376031334279105067e-04 1.556263188831508160e-03
2.413873007753863931e-04 1.545774168334901333e-03
2.455475041642785072e-04 1.564609934575855732e-03
2.475716173648834229e-04 1.562936115078628063e-03
2.591637894511222839e-04 1.594082918018102646e-03
2.772032166831195354e-04 1.625956734642386436e-03
3.144348447676748037e-04 1.674151397310197353e-03
3.551259287633001804e-04 1.748006790876388550e-03
4.367845540400594473e-04 1.817895914427936077e-03
4.880625638179481030e-04 1.890310901217162609e-03
5.745996022596955299e-04 1.846443396061658859e-03
5.145854665897786617e-04 1.757368794642388821e-03
4.388739471323788166e-04 1.603725599125027657e-03
3.212279116269201040e-04 1.570863416418433189e-03
2.548990596551448107e-04 1.540090306662023067e-03
2.455105422995984554e-04 1.604898483492434025e-03
2.861419925466179848e-04 1.707858871668577194e-03
3.459396830294281244e-04 1.670138211920857430e-03
3.443185996729880571e-04 1.655922271311283112e-03
2.914524229709059000e-04 1.558776246383786201e-03
2.270443510496988893e-04 1.540993456728756428e-03
2.154246758436784148e-04 1.592909102328121662e-03
2.477965608704835176e-04 1.579445903189480305e-03
2.717699098866432905e-04 1.591046690009534359e-03
2.635193814057856798e-04 1.535325311124324799e-03
2.325258246855810285e-04 1.517996075563132763e-03
2.196672867285087705e-04 1.541730714961886406e-03
2.286895760335028172e-04 1.537449425086379051e-03
2.419572847429662943e-04 1.564889098517596722e-03
2.340095961699262261e-04 1.520897494629025459e-03
2.135193062713369727e-04 1.515286625362932682e-03
2.015123900491744280e-04 1.517145894467830658e-03
2.074087096843868494e-04 1.509235356934368610e-03
2.215355343651026487e-04 1.534582814201712608e-03
2.252434787806123495e-04 1.497716060839593410e-03
2.167731727240607142e-04 1.498691737651824951e-03
2.020228566834703088e-04 1.491319038905203342e-03
1.976226631086319685e-04 1.487086177803575993e-03
2.035966463154181838e-04 1.514675328508019447e-03
2.093206421704962850e-04 1.495261443778872490e-03
2.071205672109499574e-04 1.504816813394427299e-03
1.986196002690121531e-04 1.488303882069885731e-03
1.912137522595003247e-04 1.484283013269305229e-03
1.905061508296057582e-04 1.496388693340122700e-03
1.946153788594529033e-04 1.486312714405357838e-03
1.978286309167742729e-04 1.501515740528702736e-03
1.969449367607012391e-04 1.481855753809213638e-03
1.922593510244041681e-04 1.484167063608765602e-03
1.874642766779288650e-04 1.478115562349557877e-03
1.859656767919659615e-04 1.478338846936821938e-03
1.881050557130947709e-04 1.492667943239212036e-03
1.921109651448205113e-04 1.490344293415546417e-03
1.984936534427106380e-04 1.509764231741428375e-03
2.041917759925127029e-04 1.513763563707470894e-03
2.200154849560931325e-04 1.543305930681526661e-03
2.423099504085257649e-04 1.603308133780956268e-03
3.020098083652555943e-04 1.670647412538528442e-03
3.691734455060213804e-04 1.827883883379399776e-03
5.050452309660613537e-04 1.885908073745667934e-03
5.905479192733764648e-04 2.085111336782574654e-03
7.298932760022580624e-04 1.927946112118661404e-03
6.679959478788077831e-04 1.899558817967772484e-03
5.579368444159626961e-04 1.550675719045102596e-03
3.080489113926887512e-04 1.484371139667928219e-03
1.926275726873427629e-04 1.596121117472648621e-03
2.675777359399944544e-04 1.691487152129411697e-03
3.785249136853963137e-04 1.806134008802473545e-03
3.975407744292169809e-04 1.617781235836446285e-03
2.787051489576697350e-04 1.581986784003674984e-03
2.015796926571056247e-04 1.592065091244876385e-03
2.231174003100022674e-04 1.596138579770922661e-03
2.709055261220782995e-04 1.639538793824613094e-03
2.726993407122790813e-04 1.513182069174945354e-03
2.221763425040990114e-04 1.513196853920817375e-03
2.037634840235114098e-04 1.540236640721559525e-03
2.282137866131961346e-04 1.523692859336733818e-03
2.436843205941841006e-04 1.563087687827646732e-03
2.265696530230343342e-04 1.497038407251238823e-03
2.023638953687623143e-04 1.517460099421441555e-03
1.966652926057577133e-04 1.532354974187910557e-03
2.062395069515332580e-04 1.504971645772457123e-03
2.055023214779794216e-04 1.522220205515623093e-03
1.961538509931415319e-04 1.474812394008040428e-03
1.876710302894935012e-04 1.488885609433054924e-03
1.867708633653819561e-04 1.485133194364607334e-03
1.883488439489156008e-04 1.466302317567169666e-03
1.841293124016374350e-04 1.486034598201513290e-03
1.795099524315446615e-04 1.465099980123341084e-03
1.793592819012701511e-04 1.488676876761019230e-03
1.805329375201836228e-04 1.484130625613033772e-03
1.806876243790611625e-04 1.474924036301672459e-03
1.775894343154504895e-04 1.489606103859841824e-03
1.769478985806927085e-04 1.475021941587328911e-03
1.814618881326168776e-04 1.506764441728591919e-03
1.937365159392356873e-04 1.509995316155254841e-03
2.122505684383213520e-04 1.553862122818827629e-03
2.446054713800549507e-04 1.586681930348277092e-03
2.802757371682673693e-04 1.676598330959677696e-03
3.544534265529364347e-04 1.658942434005439281e-03
3.456367121543735266e-04 1.667200122028589249e-03
3.166287788189947605e-04 1.530197099782526493e-03
2.556872495915740728e-04 1.598021364770829678e-03
2.506374439690262079e-04 1.504980726167559624e-03
2.372246090089902282e-04 1.492927782237529755e-03
1.859343028627336025e-04 1.501594553701579571e-03
1.796775613911449909e-04 1.494684955105185509e-03
2.253973652841523290e-04 1.592801767401397228e-03
2.407759020570665598e-04 1.487249042838811874e-03
2.036394143942743540e-04 1.507047563791275024e-03
1.774750999175012112e-04 1.502674305811524391e-03
1.853950088843703270e-04 1.495847129262983799e-03
1.967210700968280435e-04 1.510060857981443405e-03
1.803906779969111085e-04 1.461326843127608299e-03
1.641047274461016059e-04 1.479859696701169014e-03
1.711519435048103333e-04 1.495978562161326408e-03
1.920955110108479857e-04 1.516396529041230679e-03
2.138856361852958798e-04 1.511453301645815372e-03
2.058377285720780492e-04 1.516098389402031898e-03
1.947025302797555923e-04 1.473514596000313759e-03
1.873286382760852575e-04 1.530456356704235077e-03
1.930531434481963515e-04 1.468081376515328884e-03
1.947097334777936339e-04 1.506734057329595089e-03
1.821900950744748116e-04 1.453198608942329884e-03
1.674624072620645165e-04 1.461768755689263344e-03
1.629753533052280545e-04 1.472235540859401226e-03
1.675594103289768100e-04 1.450325828045606613e-03
1.671491190791130066e-04 1.465871231630444527e-03
1.596487709321081638e-04 1.442716456949710846e-03
1.532328024040907621e-04 1.447983901016414165e-03
1.537224161438643932e-04 1.452141092158854008e-03
1.582279219292104244e-04 1.453209551982581615e-03
1.630593760637566447e-04 1.457055215723812580e-03
1.633161009522154927e-04 1.471265451982617378e-03
1.666793395997956395e-04 1.459173625335097313e-03
1.767328794812783599e-04 1.525776577182114124e-03
2.003512199735268950e-04 1.510683912783861160e-03
2.402504032943397760e-04 1.664322335273027420e-03
3.095655993092805147e-04 1.703526126220822334e-03
4.227055469527840614e-04 1.974933082237839699e-03
5.704860668629407883e-04 1.976427156478166580e-03
6.677096826024353504e-04 1.979227177798748016e-03
5.575536051765084267e-04 1.564265810884535313e-03
2.826314594130963087e-04 1.532669994048774242e-03
1.999548694584518671e-04 1.670258352532982826e-03
3.282738325651735067e-04 1.607890706509351730e-03
3.159450425300747156e-04 1.485202810727059841e-03
1.658031105762347579e-04 1.581303542479872704e-03
2.488211321178823709e-04 1.608842052519321442e-03
2.920018741860985756e-04 1.475556753575801849e-03
1.740131119731813669e-04 1.589108956977725029e-03
2.352004958083853126e-04 1.531188609078526497e-03
2.409565495327115059e-04 1.475497498176991940e-03
1.684673334239050746e-04 1.569144078530371189e-03
2.209587983088567853e-04 1.482596970163285732e-03
1.947075506905093789e-04 1.452076947316527367e-03
1.629962353035807610e-04 1.546953455545008183e-03
2.177851420128718019e-04 1.455837977118790150e-03
1.807490625651553273e-04 1.447795424610376358e-03
1.744401961332187057e-04 1.535415882244706154e-03
2.077822719002142549e-04 1.448872266337275505e-03
1.692356890998780727e-04 1.479079131968319416e-03
1.820757897803559899e-04 1.490963157266378403e-03
1.899476337712258101e-04 1.465598470531404018e-03
1.634401560295373201e-04 1.447408809326589108e-03
1.806431973818689585e-04 1.491996343247592449e-03
1.813860435504466295e-04 1.449136878363788128e-03
1.677856198512017727e-04 1.472208765335381031e-03
1.874822337413206697e-04 1.472444273531436920e-03
1.823849161155521870e-04 1.488096313551068306e-03
1.834511494962498546e-04 1.465200330130755901e-03
2.018988161580637097e-04 1.530763576738536358e-03
2.107904438162222505e-04 1.497265649959445000e-03
2.239456953248009086e-04 1.575964270159602165e-03
2.592722012195736170e-04 1.537484582513570786e-03
2.707729581743478775e-04 1.642612507566809654e-03
3.007507184520363808e-04 1.556442235596477985e-03
3.091417311225086451e-04 1.655803062021732330e-03
3.098914748989045620e-04 1.532348687760531902e-03
2.739923365879803896e-04 1.564817852340638638e-03
2.396605559624731541e-04 1.460701576434075832e-03
1.845840160967782140e-04 1.468393369577825069e-03
1.503644598415121436e-04 1.445331028662621975e-03
1.446014357497915626e-04 1.458359765820205212e-03
1.548826985526829958e-04 1.517520635388791561e-03
1.764222397468984127e-04 1.474232645705342293e-03
1.948109566001221538e-04 1.544341677799820900e-03
1.999181549763306975e-04 1.461373642086982727e-03
1.848280080594122410e-04 1.477294019423425198e-03
1.679116830928251147e-04 1.432020799256861210e-03
1.491862349212169647e-04 1.420172397047281265e-03
1.373813574900850654e-04 1.428447081707417965e-03
1.375831780023872852e-04 1.426313538104295731e-03
1.454946614103391767e-04 1.461374340578913689e-03
1.533635804662480950e-04 1.435925951227545738e-03
1.575949136167764664e-04 1.476365025155246258e-03
1.614419015822932124e-04 1.436864142306149006e-03
1.623554708203300834e-04 1.465669833123683929e-03
1.652817300055176020e-04 1.446509384550154209e-03
1.673319638939574361e-04 1.456728787161409855e-03
1.767736830515787005e-04 1.467381604015827179e-03
1.780373277142643929e-04 1.452591153793036938e-03
1.786848733900114894e-04 1.452112686820328236e-03
1.626501616556197405e-04 1.429868047125637531e-03
1.460726489312946796e-04 1.412786426953971386e-03
1.328990183537825942e-04 1.423893962055444717e-03
1.310830120928585529e-04 1.410744152963161469e-03
1.375613501295447350e-04 1.435316167771816254e-03
1.440158084733411670e-04 1.423145527951419353e-03
1.464103988837450743e-04 1.426095259375870228e-03
1.409856486134231091e-04 1.420605927705764771e-03
1.344093616353347898e-04 1.404391718097031116e-03
1.299991272389888763e-04 1.425324007868766785e-03
1.303828030358999968e-04 1.401440706104040146e-03
1.339939772151410580e-04 1.435866346582770348e-03
1.386313379043713212e-04 1.411841367371380329e-03
1.427763054380193353e-04 1.444584107957780361e-03
1.459188642911612988e-04 1.423510024324059486e-03
1.480977080063894391e-04 1.448927796445786953e-03
1.508278801338747144e-04 1.432802760973572731e-03
1.529323053546249866e-04 1.455386867746710777e-03
1.581947290105745196e-04 1.442339387722313404e-03
1.633668143767863512e-04 1.475221244618296623e-03
1.754881086526438594e-04 1.462211948819458485e-03
1.886532991193234921e-04 1.527334679849445820e-03
2.168611827073618770e-04 1.513617113232612610e-03
2.493155479896813631e-04 1.645437092520296574e-03
3.162650682497769594e-04 1.640651375055313110e-03
3.893723769579082727e-04 1.902288873679935932e-03
5.432646721601486206e-04 1.891951425932347775e-03
6.560134934261441231e-04 2.282563829794526100e-03
8.798828348517417908e-04 1.923561911098659039e-03
6.969745736569166183e-04 1.791871618479490280e-03
4.073354648426175117e-04 1.446384470909833908e-03
2.001208777073770761e-04 1.656311214901506901e-03
3.425433533266186714e-04 1.789491623640060425e-03
3.986767260357737541e-04 1.550157321617007256e-03
2.628430956974625587e-04 1.748987007886171341e-03
3.391929494682699442e-04 1.650474034249782562e-03
3.430117503739893436e-04 1.522564329206943512e-03
1.681269932305440307e-04 1.544560072943568230e-03
2.042865235125645995e-04 1.583756878972053528e-03
2.868289884645491838e-04 1.563677797093987465e-03
2.100818674080073833e-04 1.496497774496674538e-03
2.197144931415095925e-04 1.561580342240631580e-03
2.395711489953100681e-04 1.448841416276991367e-03
1.484358508605509996e-04 1.441939501091837883e-03
1.648570760153234005e-04 1.546883606351912022e-03
2.228906669188290834e-04 1.434005680494010448e-03
1.721322478260844946e-04 1.461290405131876469e-03
1.479802158428356051e-04 1.462371321395039558e-03
1.794707350200042129e-04 1.447053393349051476e-03
1.669844205025583506e-04 1.464768545702099800e-03
1.479382044635713100e-04 1.422288129106163979e-03
1.734859397402033210e-04 1.522762351669371128e-03
1.887451653601601720e-04 1.419209060259163380e-03
1.627834280952811241e-04 1.445348956622183323e-03
1.470608258387073874e-04 1.452371245250105858e-03
1.687765325186774135e-04 1.446329522877931595e-03
1.817021839087828994e-04 1.454699551686644554e-03
1.708249037619680166e-04 1.447507413104176521e-03
1.723766181385144591e-04 1.457998412661254406e-03
1.921035727718845010e-04 1.482415595091879368e-03
1.865867379819974303e-04 1.442887471057474613e-03
1.792993571143597364e-04 1.479801372624933720e-03
1.807586813811212778e-04 1.457144855521619320e-03
1.837841264205053449e-04 1.470525399781763554e-03
1.663634466240182519e-04 1.414523227140307426e-03
1.429666153853759170e-04 1.434864359907805920e-03
1.308052451349794865e-04 1.400439417921006680e-03
1.248290645889937878e-04 1.400902401655912399e-03
1.199702019221149385e-04 1.424113637767732143e-03
1.249673077836632729e-04 1.400128938257694244e-03
1.359341113129630685e-04 1.443625777028501034e-03
1.370530371787026525e-04 1.404067850671708584e-03
1.292601664317771792e-04 1.412800746038556099e-03
1.227176835527643561e-04 1.416635117493569851e-03
1.208508765557780862e-04 1.392799196764826775e-03
1.187074449262581766e-04 1.416546525433659554e-03
1.166829024441540241e-04 1.395007944665849209e-03
1.183187487185932696e-04 1.414845231920480728e-03
1.214302756125107408e-04 1.403649570420384407e-03
1.212652787216939032e-04 1.407583476975560188e-03
1.189848189824260771e-04 1.404880080372095108e-03
1.181916959467343986e-04 1.406207680702209473e-03
1.188271999126300216e-04 1.410413999110460281e-03
1.187900779768824577e-04 1.397753600031137466e-03
1.168855160358361900e-04 1.410930883139371872e-03
1.151748438132926822e-04 1.388913020491600037e-03
1.142608016380108893e-04 1.407059840857982635e-03
1.133759360527619720e-04 1.387403463013470173e-03
1.117689389502629638e-04 1.395179424434900284e-03
1.101682428270578384e-04 1.393748912960290909e-03
1.096676860470324755e-04 1.386725110933184624e-03
1.103354952647350729e-04 1.402386464178562164e-03
1.114475744543597102e-04 1.384590868838131428e-03
1.130325763369910419e-04 1.409590011462569237e-03
1.162337066489271820e-04 1.393091049976646900e-03
1.239212870132178068e-04 1.437583239749073982e-03
1.404131762683391571e-04 1.445843023248016834e-03
1.778242876753211021e-04 1.572437700815498829e-03
2.540133136790245771e-04 1.714937039650976658e-03
4.315521800890564919e-04 2.058721845969557762e-03
6.826360477134585381e-04 2.443369710817933083e-03
1.091227401047945023e-03 2.238127402961254120e-03
8.461554534733295441e-04 1.694885082542896271e-03
3.525208448991179466e-04 1.464321278035640717e-03
2.142371668014675379e-04 1.949795871041715145e-03
5.270743276923894882e-04 1.554511487483978271e-03
3.051077364943921566e-04 1.506926375441253185e-03
2.097424003295600414e-04 1.735289231874048710e-03
3.593735164031386375e-04 1.475886791013181210e-03
1.588899322086945176e-04 1.583117293193936348e-03
2.882966946344822645e-04 1.513218856416642666e-03
2.008518931688740849e-04 1.541270641610026360e-03
1.960472291102632880e-04 1.502554630860686302e-03
2.295498416060581803e-04 1.452248427085578442e-03
1.533145259600132704e-04 1.546982326544821262e-03
2.262702910229563713e-04 1.428591669537127018e-03
1.365853386232629418e-04 1.481226296164095402e-03
2.018870145548135042e-04 1.439770450815558434e-03
1.506515254732221365e-04 1.476414152421057224e-03
1.721994922263547778e-04 1.429264433681964874e-03
1.591296895639970899e-04 1.427564304322004318e-03
1.432683056918904185e-04 1.479117199778556824e-03
1.680542918620631099e-04 1.417527440935373306e-03
1.325839257333427668e-04 1.438093953765928745e-03
1.640258269617334008e-04 1.422122819349169731e-03
1.296810805797576904e-04 1.452912227250635624e-03
1.482179650338366628e-04 1.427262672223150730e-03
1.360284804832190275e-04 1.413994003087282181e-03
1.345911296084523201e-04 1.455548917874693871e-03
1.425644004484638572e-04 1.414269790984690189e-03
1.243190199602395296e-04 1.429989817552268505e-03
